-2.350067440000000119e+00 1.250552245999999990e+01 -1.748689119999999875e+00
-2.135781725714285706e+00 1.250552245999999990e+01 -1.748689119999999875e+00
-1.921496011428571515e+00 1.250552245999999990e+01 -1.748689119999999875e+00
-1.707210297142857325e+00 1.250552245999999990e+01 -1.748689119999999875e+00
-1.492924582857142912e+00 1.250552245999999990e+01 -1.748689119999999875e+00
-1.278638868571428722e+00 1.250552245999999990e+01 -1.748689119999999875e+00
-1.064353154285714531e+00 1.250552245999999990e+01 -1.748689119999999875e+00
-8.500674400000001185e-01 1.250552245999999990e+01 -1.748689119999999875e+00
-6.357817257142859280e-01 1.250552245999999990e+01 -1.748689119999999875e+00
-4.214960114285717374e-01 1.250552245999999990e+01 -1.748689119999999875e+00
-2.072102971428573248e-01 1.250552245999999990e+01 -1.748689119999999875e+00
7.075417142857087782e-03 1.250552245999999990e+01 -1.748689119999999875e+00
2.213611314285710563e-01 1.250552245999999990e+01 -1.748689119999999875e+00
4.356468457142854689e-01 1.250552245999999990e+01 -1.748689119999999875e+00
6.499325599999998815e-01 1.250552245999999990e+01 -1.748689119999999875e+00
-2.350067440000000119e+00 1.229123674571428637e+01 -1.748689119999999875e+00
-2.135781725714285706e+00 1.229123674571428637e+01 -1.748689119999999875e+00
-1.921496011428571515e+00 1.229123674571428637e+01 -1.748689119999999875e+00
-1.707210297142857325e+00 1.229123674571428637e+01 -1.748689119999999875e+00
-1.492924582857142912e+00 1.229123674571428637e+01 -1.748689119999999875e+00
-1.278638868571428722e+00 1.229123674571428637e+01 -1.748689119999999875e+00
-1.064353154285714531e+00 1.229123674571428637e+01 -1.748689119999999875e+00
-8.500674400000001185e-01 1.229123674571428637e+01 -1.748689119999999875e+00
-6.357817257142859280e-01 1.229123674571428637e+01 -1.748689119999999875e+00
-4.214960114285717374e-01 1.229123674571428637e+01 -1.748689119999999875e+00
-2.072102971428573248e-01 1.229123674571428637e+01 -1.748689119999999875e+00
7.075417142857087782e-03 1.229123674571428637e+01 -1.748689119999999875e+00
2.213611314285710563e-01 1.229123674571428637e+01 -1.748689119999999875e+00
4.356468457142854689e-01 1.229123674571428637e+01 -1.748689119999999875e+00
6.499325599999998815e-01 1.229123674571428637e+01 -1.748689119999999875e+00
-2.350067440000000119e+00 1.207695103142857107e+01 -1.748689119999999875e+00
-2.135781725714285706e+00 1.207695103142857107e+01 -1.748689119999999875e+00
-1.921496011428571515e+00 1.207695103142857107e+01 -1.748689119999999875e+00
-1.707210297142857325e+00 1.207695103142857107e+01 -1.748689119999999875e+00
-1.492924582857142912e+00 1.207695103142857107e+01 -1.748689119999999875e+00
-1.278638868571428722e+00 1.207695103142857107e+01 -1.748689119999999875e+00
-1.064353154285714531e+00 1.207695103142857107e+01 -1.748689119999999875e+00
-8.500674400000001185e-01 1.207695103142857107e+01 -1.748689119999999875e+00
-6.357817257142859280e-01 1.207695103142857107e+01 -1.748689119999999875e+00
-4.214960114285717374e-01 1.207695103142857107e+01 -1.748689119999999875e+00
-2.072102971428573248e-01 1.207695103142857107e+01 -1.748689119999999875e+00
7.075417142857087782e-03 1.207695103142857107e+01 -1.748689119999999875e+00
2.213611314285710563e-01 1.207695103142857107e+01 -1.748689119999999875e+00
4.356468457142854689e-01 1.207695103142857107e+01 -1.748689119999999875e+00
6.499325599999998815e-01 1.207695103142857107e+01 -1.748689119999999875e+00
-2.350067440000000119e+00 1.186266531714285755e+01 -1.748689119999999875e+00
-2.135781725714285706e+00 1.186266531714285755e+01 -1.748689119999999875e+00
-1.921496011428571515e+00 1.186266531714285755e+01 -1.748689119999999875e+00
-1.707210297142857325e+00 1.186266531714285755e+01 -1.748689119999999875e+00
-1.492924582857142912e+00 1.186266531714285755e+01 -1.748689119999999875e+00
-1.278638868571428722e+00 1.186266531714285755e+01 -1.748689119999999875e+00
-1.064353154285714531e+00 1.186266531714285755e+01 -1.748689119999999875e+00
-8.500674400000001185e-01 1.186266531714285755e+01 -1.748689119999999875e+00
-6.357817257142859280e-01 1.186266531714285755e+01 -1.748689119999999875e+00
-4.214960114285717374e-01 1.186266531714285755e+01 -1.748689119999999875e+00
-2.072102971428573248e-01 1.186266531714285755e+01 -1.748689119999999875e+00
7.075417142857087782e-03 1.186266531714285755e+01 -1.748689119999999875e+00
2.213611314285710563e-01 1.186266531714285755e+01 -1.748689119999999875e+00
4.356468457142854689e-01 1.186266531714285755e+01 -1.748689119999999875e+00
6.499325599999998815e-01 1.186266531714285755e+01 -1.748689119999999875e+00
-2.350067440000000119e+00 1.164837960285714225e+01 -1.748689119999999875e+00
-2.135781725714285706e+00 1.164837960285714225e+01 -1.748689119999999875e+00
-1.921496011428571515e+00 1.164837960285714225e+01 -1.748689119999999875e+00
-1.707210297142857325e+00 1.164837960285714225e+01 -1.748689119999999875e+00
-1.492924582857142912e+00 1.164837960285714225e+01 -1.748689119999999875e+00
-1.278638868571428722e+00 1.164837960285714225e+01 -1.748689119999999875e+00
-1.064353154285714531e+00 1.164837960285714225e+01 -1.748689119999999875e+00
-8.500674400000001185e-01 1.164837960285714225e+01 -1.748689119999999875e+00
-6.357817257142859280e-01 1.164837960285714225e+01 -1.748689119999999875e+00
-4.214960114285717374e-01 1.164837960285714225e+01 -1.748689119999999875e+00
-2.072102971428573248e-01 1.164837960285714225e+01 -1.748689119999999875e+00
7.075417142857087782e-03 1.164837960285714225e+01 -1.748689119999999875e+00
2.213611314285710563e-01 1.164837960285714225e+01 -1.748689119999999875e+00
4.356468457142854689e-01 1.164837960285714225e+01 -1.748689119999999875e+00
6.499325599999998815e-01 1.164837960285714225e+01 -1.748689119999999875e+00
-2.350067440000000119e+00 1.143409388857142872e+01 -1.748689119999999875e+00
-2.135781725714285706e+00 1.143409388857142872e+01 -1.748689119999999875e+00
-1.921496011428571515e+00 1.143409388857142872e+01 -1.748689119999999875e+00
-1.707210297142857325e+00 1.143409388857142872e+01 -1.748689119999999875e+00
-1.492924582857142912e+00 1.143409388857142872e+01 -1.748689119999999875e+00
-1.278638868571428722e+00 1.143409388857142872e+01 -1.748689119999999875e+00
-1.064353154285714531e+00 1.143409388857142872e+01 -1.748689119999999875e+00
-8.500674400000001185e-01 1.143409388857142872e+01 -1.748689119999999875e+00
-6.357817257142859280e-01 1.143409388857142872e+01 -1.748689119999999875e+00
-4.214960114285717374e-01 1.143409388857142872e+01 -1.748689119999999875e+00
-2.072102971428573248e-01 1.143409388857142872e+01 -1.748689119999999875e+00
7.075417142857087782e-03 1.143409388857142872e+01 -1.748689119999999875e+00
2.213611314285710563e-01 1.143409388857142872e+01 -1.748689119999999875e+00
4.356468457142854689e-01 1.143409388857142872e+01 -1.748689119999999875e+00
6.499325599999998815e-01 1.143409388857142872e+01 -1.748689119999999875e+00
-2.350067440000000119e+00 1.121980817428571520e+01 -1.748689119999999875e+00
-2.135781725714285706e+00 1.121980817428571520e+01 -1.748689119999999875e+00
-1.921496011428571515e+00 1.121980817428571520e+01 -1.748689119999999875e+00
-1.707210297142857325e+00 1.121980817428571520e+01 -1.748689119999999875e+00
-1.492924582857142912e+00 1.121980817428571520e+01 -1.748689119999999875e+00
-1.278638868571428722e+00 1.121980817428571520e+01 -1.748689119999999875e+00
-1.064353154285714531e+00 1.121980817428571520e+01 -1.748689119999999875e+00
-8.500674400000001185e-01 1.121980817428571520e+01 -1.748689119999999875e+00
-6.357817257142859280e-01 1.121980817428571520e+01 -1.748689119999999875e+00
-4.214960114285717374e-01 1.121980817428571520e+01 -1.748689119999999875e+00
-2.072102971428573248e-01 1.121980817428571520e+01 -1.748689119999999875e+00
7.075417142857087782e-03 1.121980817428571520e+01 -1.748689119999999875e+00
2.213611314285710563e-01 1.121980817428571520e+01 -1.748689119999999875e+00
4.356468457142854689e-01 1.121980817428571520e+01 -1.748689119999999875e+00
6.499325599999998815e-01 1.121980817428571520e+01 -1.748689119999999875e+00
-2.350067440000000119e+00 1.100552245999999990e+01 -1.748689119999999875e+00
-2.135781725714285706e+00 1.100552245999999990e+01 -1.748689119999999875e+00
-1.921496011428571515e+00 1.100552245999999990e+01 -1.748689119999999875e+00
-1.707210297142857325e+00 1.100552245999999990e+01 -1.748689119999999875e+00
-1.492924582857142912e+00 1.100552245999999990e+01 -1.748689119999999875e+00
-1.278638868571428722e+00 1.100552245999999990e+01 -1.748689119999999875e+00
-1.064353154285714531e+00 1.100552245999999990e+01 -1.748689119999999875e+00
-8.500674400000001185e-01 1.100552245999999990e+01 -1.748689119999999875e+00
-6.357817257142859280e-01 1.100552245999999990e+01 -1.748689119999999875e+00
-4.214960114285717374e-01 1.100552245999999990e+01 -1.748689119999999875e+00
-2.072102971428573248e-01 1.100552245999999990e+01 -1.748689119999999875e+00
7.075417142857087782e-03 1.100552245999999990e+01 -1.748689119999999875e+00
2.213611314285710563e-01 1.100552245999999990e+01 -1.748689119999999875e+00
4.356468457142854689e-01 1.100552245999999990e+01 -1.748689119999999875e+00
6.499325599999998815e-01 1.100552245999999990e+01 -1.748689119999999875e+00
-2.350067440000000119e+00 1.079123674571428637e+01 -1.748689119999999875e+00
-2.135781725714285706e+00 1.079123674571428637e+01 -1.748689119999999875e+00
-1.921496011428571515e+00 1.079123674571428637e+01 -1.748689119999999875e+00
-1.707210297142857325e+00 1.079123674571428637e+01 -1.748689119999999875e+00
-1.492924582857142912e+00 1.079123674571428637e+01 -1.748689119999999875e+00
-1.278638868571428722e+00 1.079123674571428637e+01 -1.748689119999999875e+00
-1.064353154285714531e+00 1.079123674571428637e+01 -1.748689119999999875e+00
-8.500674400000001185e-01 1.079123674571428637e+01 -1.748689119999999875e+00
-6.357817257142859280e-01 1.079123674571428637e+01 -1.748689119999999875e+00
-4.214960114285717374e-01 1.079123674571428637e+01 -1.748689119999999875e+00
-2.072102971428573248e-01 1.079123674571428637e+01 -1.748689119999999875e+00
7.075417142857087782e-03 1.079123674571428637e+01 -1.748689119999999875e+00
2.213611314285710563e-01 1.079123674571428637e+01 -1.748689119999999875e+00
4.356468457142854689e-01 1.079123674571428637e+01 -1.748689119999999875e+00
6.499325599999998815e-01 1.079123674571428637e+01 -1.748689119999999875e+00
-2.350067440000000119e+00 1.057695103142857107e+01 -1.748689119999999875e+00
-2.135781725714285706e+00 1.057695103142857107e+01 -1.748689119999999875e+00
-1.921496011428571515e+00 1.057695103142857107e+01 -1.748689119999999875e+00
-1.707210297142857325e+00 1.057695103142857107e+01 -1.748689119999999875e+00
-1.492924582857142912e+00 1.057695103142857107e+01 -1.748689119999999875e+00
-1.278638868571428722e+00 1.057695103142857107e+01 -1.748689119999999875e+00
-1.064353154285714531e+00 1.057695103142857107e+01 -1.748689119999999875e+00
-8.500674400000001185e-01 1.057695103142857107e+01 -1.748689119999999875e+00
-6.357817257142859280e-01 1.057695103142857107e+01 -1.748689119999999875e+00
-4.214960114285717374e-01 1.057695103142857107e+01 -1.748689119999999875e+00
-2.072102971428573248e-01 1.057695103142857107e+01 -1.748689119999999875e+00
7.075417142857087782e-03 1.057695103142857107e+01 -1.748689119999999875e+00
2.213611314285710563e-01 1.057695103142857107e+01 -1.748689119999999875e+00
4.356468457142854689e-01 1.057695103142857107e+01 -1.748689119999999875e+00
6.499325599999998815e-01 1.057695103142857107e+01 -1.748689119999999875e+00
-2.350067440000000119e+00 1.036266531714285755e+01 -1.748689119999999875e+00
-2.135781725714285706e+00 1.036266531714285755e+01 -1.748689119999999875e+00
-1.921496011428571515e+00 1.036266531714285755e+01 -1.748689119999999875e+00
-1.707210297142857325e+00 1.036266531714285755e+01 -1.748689119999999875e+00
-1.492924582857142912e+00 1.036266531714285755e+01 -1.748689119999999875e+00
-1.278638868571428722e+00 1.036266531714285755e+01 -1.748689119999999875e+00
-1.064353154285714531e+00 1.036266531714285755e+01 -1.748689119999999875e+00
-8.500674400000001185e-01 1.036266531714285755e+01 -1.748689119999999875e+00
-6.357817257142859280e-01 1.036266531714285755e+01 -1.748689119999999875e+00
-4.214960114285717374e-01 1.036266531714285755e+01 -1.748689119999999875e+00
-2.072102971428573248e-01 1.036266531714285755e+01 -1.748689119999999875e+00
7.075417142857087782e-03 1.036266531714285755e+01 -1.748689119999999875e+00
2.213611314285710563e-01 1.036266531714285755e+01 -1.748689119999999875e+00
4.356468457142854689e-01 1.036266531714285755e+01 -1.748689119999999875e+00
6.499325599999998815e-01 1.036266531714285755e+01 -1.748689119999999875e+00
-2.350067440000000119e+00 1.014837960285714225e+01 -1.748689119999999875e+00
-2.135781725714285706e+00 1.014837960285714225e+01 -1.748689119999999875e+00
-1.921496011428571515e+00 1.014837960285714225e+01 -1.748689119999999875e+00
-1.707210297142857325e+00 1.014837960285714225e+01 -1.748689119999999875e+00
-1.492924582857142912e+00 1.014837960285714225e+01 -1.748689119999999875e+00
-1.278638868571428722e+00 1.014837960285714225e+01 -1.748689119999999875e+00
-1.064353154285714531e+00 1.014837960285714225e+01 -1.748689119999999875e+00
-8.500674400000001185e-01 1.014837960285714225e+01 -1.748689119999999875e+00
-6.357817257142859280e-01 1.014837960285714225e+01 -1.748689119999999875e+00
-4.214960114285717374e-01 1.014837960285714225e+01 -1.748689119999999875e+00
-2.072102971428573248e-01 1.014837960285714225e+01 -1.748689119999999875e+00
7.075417142857087782e-03 1.014837960285714225e+01 -1.748689119999999875e+00
2.213611314285710563e-01 1.014837960285714225e+01 -1.748689119999999875e+00
4.356468457142854689e-01 1.014837960285714225e+01 -1.748689119999999875e+00
6.499325599999998815e-01 1.014837960285714225e+01 -1.748689119999999875e+00
-2.350067440000000119e+00 9.934093888571428721e+00 -1.748689119999999875e+00
-2.135781725714285706e+00 9.934093888571428721e+00 -1.748689119999999875e+00
-1.921496011428571515e+00 9.934093888571428721e+00 -1.748689119999999875e+00
-1.707210297142857325e+00 9.934093888571428721e+00 -1.748689119999999875e+00
-1.492924582857142912e+00 9.934093888571428721e+00 -1.748689119999999875e+00
-1.278638868571428722e+00 9.934093888571428721e+00 -1.748689119999999875e+00
-1.064353154285714531e+00 9.934093888571428721e+00 -1.748689119999999875e+00
-8.500674400000001185e-01 9.934093888571428721e+00 -1.748689119999999875e+00
-6.357817257142859280e-01 9.934093888571428721e+00 -1.748689119999999875e+00
-4.214960114285717374e-01 9.934093888571428721e+00 -1.748689119999999875e+00
-2.072102971428573248e-01 9.934093888571428721e+00 -1.748689119999999875e+00
7.075417142857087782e-03 9.934093888571428721e+00 -1.748689119999999875e+00
2.213611314285710563e-01 9.934093888571428721e+00 -1.748689119999999875e+00
4.356468457142854689e-01 9.934093888571428721e+00 -1.748689119999999875e+00
6.499325599999998815e-01 9.934093888571428721e+00 -1.748689119999999875e+00
-2.350067440000000119e+00 9.719808174285715197e+00 -1.748689119999999875e+00
-2.135781725714285706e+00 9.719808174285715197e+00 -1.748689119999999875e+00
-1.921496011428571515e+00 9.719808174285715197e+00 -1.748689119999999875e+00
-1.707210297142857325e+00 9.719808174285715197e+00 -1.748689119999999875e+00
-1.492924582857142912e+00 9.719808174285715197e+00 -1.748689119999999875e+00
-1.278638868571428722e+00 9.719808174285715197e+00 -1.748689119999999875e+00
-1.064353154285714531e+00 9.719808174285715197e+00 -1.748689119999999875e+00
-8.500674400000001185e-01 9.719808174285715197e+00 -1.748689119999999875e+00
-6.357817257142859280e-01 9.719808174285715197e+00 -1.748689119999999875e+00
-4.214960114285717374e-01 9.719808174285715197e+00 -1.748689119999999875e+00
-2.072102971428573248e-01 9.719808174285715197e+00 -1.748689119999999875e+00
7.075417142857087782e-03 9.719808174285715197e+00 -1.748689119999999875e+00
2.213611314285710563e-01 9.719808174285715197e+00 -1.748689119999999875e+00
4.356468457142854689e-01 9.719808174285715197e+00 -1.748689119999999875e+00
6.499325599999998815e-01 9.719808174285715197e+00 -1.748689119999999875e+00
-2.350067440000000119e+00 9.505522459999999896e+00 -1.748689119999999875e+00
-2.135781725714285706e+00 9.505522459999999896e+00 -1.748689119999999875e+00
-1.921496011428571515e+00 9.505522459999999896e+00 -1.748689119999999875e+00
-1.707210297142857325e+00 9.505522459999999896e+00 -1.748689119999999875e+00
-1.492924582857142912e+00 9.505522459999999896e+00 -1.748689119999999875e+00
-1.278638868571428722e+00 9.505522459999999896e+00 -1.748689119999999875e+00
-1.064353154285714531e+00 9.505522459999999896e+00 -1.748689119999999875e+00
-8.500674400000001185e-01 9.505522459999999896e+00 -1.748689119999999875e+00
-6.357817257142859280e-01 9.505522459999999896e+00 -1.748689119999999875e+00
-4.214960114285717374e-01 9.505522459999999896e+00 -1.748689119999999875e+00
-2.072102971428573248e-01 9.505522459999999896e+00 -1.748689119999999875e+00
7.075417142857087782e-03 9.505522459999999896e+00 -1.748689119999999875e+00
2.213611314285710563e-01 9.505522459999999896e+00 -1.748689119999999875e+00
4.356468457142854689e-01 9.505522459999999896e+00 -1.748689119999999875e+00
6.499325599999998815e-01 9.505522459999999896e+00 -1.748689119999999875e+00
