4.065162688493728638e-02 2.998913383483886719e+01 -9.562897612340748310e-04 3.174544892688494002e+01 3.446867483483885053e+01 -8.625849897612347661e-01
-1.820198731150632909e-01 3.013583793483887519e+01 2.722630102387633144e-01 3.140705172688493718e+01 3.480899463483885370e+01 -8.219614897612359528e-01
-2.725960731150607330e-01 3.039483453483887843e+01 5.196568102387644217e-01 3.119160982688493888e+01 3.526699033483888002e+01 -8.295328897612357366e-01
-2.196785731150612264e-01 3.062442433483886362e+01 6.950963102387639481e-01 3.096268752688493819e+01 3.548320123483884458e+01 -9.463648897612380040e-01
-8.899777311506085198e-02 3.063277393483885191e+01 7.061757102387637985e-01 3.071786562688493660e+01 3.550159723483886864e+01 -1.138198389761235774e+00
1.718863268849375459e-01 3.056430473483887056e+01 5.663548102387672145e-01 3.062189622688493884e+01 3.549783743483888543e+01 -1.225777689761237355e+00
3.450873268849363740e-01 3.032018853483886289e+01 4.726308102387655197e-01 3.067981402688493731e+01 3.554896053483886931e+01 -1.285032189761235344e+00
4.351218268849379456e-01 2.998709523483887551e+01 3.656224102387639618e-01 3.068817202688493850e+01 3.536447563483886825e+01 -1.642316689761234016e+00
3.861304268849394816e-01 2.980572323483886521e+01 2.356435102387628433e-01 3.093700852688493796e+01 3.526048393483884524e+01 -1.884736189761238023e+00
3.313361268849384089e-01 2.991026423483884855e+01 1.861836102387641745e-01 3.111220002688493835e+01 3.509871633483888331e+01 -2.151218689761233094e+00
1.447135268849386591e-01 3.018128473483886864e+01 2.309727102387633124e-01 3.124887912688493685e+01 3.478815723483887723e+01 -2.419552189761233763e+00
-1.282021731150599919e-01 3.036670953483887558e+01 1.970509102387651978e-01 3.133678042688493903e+01 3.428621633483888331e+01 -2.667072589761236401e+00
-4.426812731150597813e-01 3.025823783483885165e+01 5.526781023876381482e-02 3.131432792688493905e+01 3.377283743483886269e+01 -2.924482289761236586e+00
-7.061837731150610864e-01 2.996055713483885086e+01 -1.922159897612338852e-01 3.116214972688493745e+01 3.316085013483885291e+01 -3.254682489761233199e+00
-9.094445731150635481e-01 2.941929743483888160e+01 -6.174601897612355117e-01 3.080725312688493744e+01 3.253282283483885351e+01 -3.488769089761234454e+00
-1.099303573115061994e+00 2.893854793483887988e+01 -9.758005897612349600e-01 3.054463412688493662e+01 3.158871883483885767e+01 -3.743715989761234653e+00
-1.307547873115062487e+00 2.856613583483886032e+01 -1.082042989761234253e+00 3.042668522688493837e+01 3.028700983483885523e+01 -3.924183189761233592e+00
-1.662545173115063335e+00 2.790574763483886045e+01 -1.016713989761235837e+00 3.018095232688493823e+01 2.890068173483886937e+01 -4.002286789761235752e+00
-2.222171873115058816e+00 2.675973933483886924e+01 -8.318537897612365839e-01 2.963892392688493871e+01 2.750904353483885245e+01 -4.066765889761235542e+00
-2.905036273115058520e+00 2.525401423483884855e+01 -8.764582897612349655e-01 2.891689862688493662e+01 2.599743463483886785e+01 -4.079914389761235327e+00
-3.656656773115059877e+00 2.364573783483885450e+01 -1.050048389761236933e+00 2.821944952688493657e+01 2.427691463483886025e+01 -3.978762389761236307e+00
-4.303839973115060502e+00 2.217844043483887617e+01 -1.184272289761235442e+00 2.771351692688493884e+01 2.239607963483885555e+01 -3.789934889761237713e+00
-5.108457273115064368e+00 2.066215633483886904e+01 -1.014905889761234192e+00 2.715536292688493702e+01 2.065065723483887439e+01 -3.112375989761236639e+00
-5.723322373115060202e+00 1.942870903483887446e+01 -3.094370897612357396e-01 2.655929492688493809e+01 1.924151423483885992e+01 -1.906910289761235333e+00
-6.324350873115061944e+00 1.839910703483887744e+01 7.770283102387658403e-01 2.595547152688493853e+01 1.814233213483886686e+01 -1.950739897612372431e-01
-6.924338673115062903e+00 1.771995663483886574e+01 2.710880010238764015e+00 2.532495432688493864e+01 1.757480283483886296e+01 2.387653010238764750e+00
-7.371668373115063844e+00 1.749970513483884815e+01 5.330940710238763813e+00 2.497759332688493927e+01 1.736241263483886144e+01 5.355679010238764803e+00
-7.605243773115059724e+00 1.788668023483887737e+01 8.479795510238764322e+00 2.483511442688493887e+01 1.779119683483885694e+01 8.649935610238763672e+00
-7.806293573115063111e+00 1.889240533483886963e+01 1.178397951023876544e+01 2.470053412688493921e+01 1.924125783483886210e+01 1.197868851023876502e+01
-7.831229473115058681e+00 2.083494683483885979e+01 1.526825131023876381e+01 2.453976142688493667e+01 2.176343803483887029e+01 1.546749291023876438e+01
-7.792929973115061415e+00 2.380804253483886157e+01 1.861645521023876526e+01 2.457655222688493879e+01 2.506293753483886633e+01 1.876783291023876643e+01
-7.720093673115059119e+00 2.741520803483885516e+01 2.129637271023876366e+01 2.481095152688493854e+01 2.874322323483886521e+01 2.144957131023876329e+01
-7.553070973115058706e+00 3.126225393483886705e+01 2.309956441023876295e+01 2.502827332688493911e+01 3.259183163483886858e+01 2.343707851023876287e+01
-7.329917273115057696e+00 3.480656543483885912e+01 2.413112001023876729e+01 2.539902062688493700e+01 3.618520313483887207e+01 2.474438751023876648e+01
-7.070108873115060533e+00 3.762757383483886997e+01 2.444584701023876505e+01 2.561087962688493747e+01 3.909592093483885833e+01 2.523506901023876736e+01
-6.751712873115060631e+00 3.917966123483884644e+01 2.397672091023876462e+01 2.591050172688493802e+01 4.111667293483887420e+01 2.512804921023876403e+01
-6.412177373115060419e+00 3.958234673483886468e+01 2.297809381023876441e+01 2.613203992688493926e+01 4.221855283483887433e+01 2.455216191023876604e+01
-5.972596073115063575e+00 3.913996393483887459e+01 2.175547301023876656e+01 2.642736822688493703e+01 4.255868953483886230e+01 2.368824551023876523e+01
-5.484812273115064585e+00 3.826818653483886123e+01 2.053336531023876432e+01 2.679948832688493709e+01 4.240921443483887288e+01 2.267946291023876526e+01
-4.985306673115061926e+00 3.711904103483885820e+01 1.913278281023876559e+01 2.715892592688493679e+01 4.166525693483885107e+01 2.140340551023876614e+01
-4.342389773115058915e+00 3.604269833483886032e+01 1.763032251023876640e+01 2.758425512688494052e+01 4.046722223483885728e+01 1.993765951023876326e+01
-3.672165773115064979e+00 3.503123593483886111e+01 1.612302311023876555e+01 2.804800932688493731e+01 3.916181453483886798e+01 1.854216821023876349e+01
-3.084967873115061820e+00 3.405475883483885013e+01 1.453263371023876438e+01 2.863310232688493784e+01 3.771048393483886230e+01 1.702039501023876511e+01
-2.653101473115061282e+00 3.332831843483884882e+01 1.304846201023876517e+01 2.914732772688493867e+01 3.654449273483888305e+01 1.568758691023876395e+01
-2.284842773115059344e+00 3.272195853483884775e+01 1.162637341023876481e+01 2.963030842688493749e+01 3.544758113483888451e+01 1.445815271023876392e+01
-2.072391673115063782e+00 3.218594783483885635e+01 1.043613941023876457e+01 2.988443282688493952e+01 3.421164363483887882e+01 1.313606191023876413e+01
-2.037375773115059019e+00 3.171196103483886475e+01 9.544840710238764458e+00 3.006672122688493687e+01 3.316410943483884921e+01 1.176949321023876394e+01
-2.062217073115064636e+00 3.126011773483887168e+01 8.928355910238764181e+00 3.015025472688493835e+01 3.227200733483886097e+01 1.062913331023876395e+01
-2.028330373115061036e+00 3.088793753483886917e+01 8.582528410238765559e+00 3.015776352688493844e+01 3.157927053483885516e+01 1.008044021023876446e+01
-2.088944373115062092e+00 3.048251763483885668e+01 8.749612910238765195e+00 3.007712692688493661e+01 3.105937313483886442e+01 1.021400501023876473e+01
-2.278205173115061655e+00 3.008903623483885781e+01 9.585386310238764196e+00 2.985359642688493764e+01 3.083504453483887175e+01 1.095192381023876571e+01
-2.612390973115061854e+00 2.978464163483886296e+01 1.084828921023876447e+01 2.961376602688493875e+01 3.098709523483887551e+01 1.214565781023876490e+01
-3.002015073115060773e+00 2.978359183483887307e+01 1.240924081023876369e+01 2.931679412688493613e+01 3.158755913483886957e+01 1.375681541023876520e+01
-3.361487673115064467e+00 3.008277393483885476e+01 1.416481981023876457e+01 2.898892242688494036e+01 3.248528863483886653e+01 1.537283121023876475e+01
-3.818488473115060344e+00 3.068604543483886005e+01 1.602955301023876444e+01 2.850453632688493855e+01 3.380532033483885357e+01 1.728034551023876375e+01
-4.176035473115060626e+00 3.182972223483886864e+01 1.785444721023876369e+01 2.816700582688493881e+01 3.533896293483886097e+01 1.905379461023876431e+01
-4.535282273115058160e+00 3.350657773483888491e+01 1.954640411023876467e+01 2.778975432688493896e+01 3.721501273483886507e+01 2.079687161023876385e+01
-4.810105273115063085e+00 3.552593803483887314e+01 2.087829441023876598e+01 2.747078582688493853e+01 3.946004453483888597e+01 2.226782501023876648e+01
-5.045893173115061359e+00 3.753596003483886534e+01 2.169046981023876697e+01 2.729895542688493748e+01 4.188891413483887050e+01 2.342089391023876388e+01
-5.233588573115060427e+00 3.923489803483886362e+01 2.203066151023876529e+01 2.698775052688493759e+01 4.401847953483886045e+01 2.384851461023876595e+01
-5.412751073115060763e+00 4.003064993483886269e+01 2.178776211023876641e+01 2.672780792688493889e+01 4.537656063483885305e+01 2.373200121023876363e+01
-5.527036373115063128e+00 4.005838433483884842e+01 2.123084111023876375e+01 2.661872912688493997e+01 4.566274223483887340e+01 2.317987721023876446e+01
-5.513053273115062325e+00 3.941607473483887247e+01 2.035710321023876546e+01 2.658834332688493873e+01 4.497106743483885793e+01 2.226233641023876686e+01
-5.355027073115060432e+00 3.856996883483887473e+01 1.941346141023876370e+01 2.672654612688493714e+01 4.387919733483886375e+01 2.133110281023876453e+01
-5.155219373115063064e+00 3.746147273483884987e+01 1.824431261023876516e+01 2.698441342688493805e+01 4.244471243483886269e+01 2.020631681023876425e+01
-4.949945973115060127e+00 3.630367243483888728e+01 1.683125681023876297e+01 2.725424942688493957e+01 4.079991263483887565e+01 1.879550701023876513e+01
-4.773328473115061144e+00 3.517588923483884855e+01 1.519310481023876491e+01 2.750567232688493746e+01 3.911211963483884801e+01 1.704357701023876359e+01
-4.588404173115062434e+00 3.412077443483886441e+01 1.333418321023876452e+01 2.763977272688493869e+01 3.729214893483884907e+01 1.478618801023876372e+01
-4.391523073115060072e+00 3.321464653483886309e+01 1.139067541023876373e+01 2.780927802688493955e+01 3.591329153483886216e+01 1.254622011023876382e+01
-4.180637473115059066e+00 3.232166553483887128e+01 9.132745110238765562e+00 2.797520512688493710e+01 3.482613333483885754e+01 1.024846541023876512e+01
-3.894318473115063739e+00 3.168624073483886150e+01 6.929951910238763446e+00 2.826851412688493781e+01 3.391480523483886600e+01 7.916804210238765904e+00
-3.612528373115061697e+00 3.129544483483886097e+01 5.030908710238763959e+00 2.857937952688493866e+01 3.313019833483886600e+01 5.711529210238765586e+00
-3.381284473115062639e+00 3.110062063483887584e+01 3.710483210238765039e+00 2.879766182688494069e+01 3.258807183483885694e+01 4.304816110238766314e+00
-3.293775273115063129e+00 3.088689993483887974e+01 3.274475510238763931e+00 2.900059342688494013e+01 3.207059133483886626e+01 3.802170310238764728e+00
-3.296341773115063489e+00 3.049596973483886586e+01 3.494853710238764677e+00 2.912301202688493618e+01 3.152852593483886778e+01 3.779378210238766300e+00
-3.315662473115061459e+00 3.003436093483887248e+01 3.993306410238764315e+00 2.907777202688493645e+01 3.100671193483887578e+01 4.254649810238765539e+00
-3.298246073115059573e+00 2.952746393483886322e+01 4.774235210238764182e+00 2.907146862688493627e+01 3.053224903483886976e+01 5.208806310238763615e+00
-3.254596873115062294e+00 2.925662653483885833e+01 6.445233610238764399e+00 2.894709232688493827e+01 3.006259573483886527e+01 6.916538710238764764e+00
-3.677072973115059540e+00 2.844264943483887009e+01 7.966450210238765095e+00 2.880757012688494001e+01 2.984607963483885840e+01 9.186662010238764609e+00
-3.993000173115060392e+00 2.836921193483887293e+01 1.055119901023876494e+01 2.862118782688493823e+01 3.017425343483887445e+01 1.180699431023876400e+01
-4.255136973115060783e+00 2.899195363483886467e+01 1.314971241023876480e+01 2.836378542688493809e+01 3.108401913483886858e+01 1.423154691023876417e+01
-4.397199373115057597e+00 3.019963193483886243e+01 1.543816901023876476e+01 2.808890022688493815e+01 3.268165093483887063e+01 1.664365261023876386e+01
-4.526456573115059001e+00 3.223711963483884801e+01 1.774918411023876530e+01 2.798758572688493729e+01 3.502835503483885304e+01 1.890087511023876488e+01
-4.736505973115061607e+00 3.504516413483887050e+01 1.969046501023876417e+01 2.776902762688493809e+01 3.822182423483886282e+01 2.085279131023876431e+01
-4.830042373115063015e+00 3.824562803483885887e+01 2.080279401023876318e+01 2.765051712688493879e+01 4.202125053483885608e+01 2.226289791023876319e+01
-5.028574473115060783e+00 4.108549613483887697e+01 2.102598731023876510e+01 2.726281422688493805e+01 4.551323053483886838e+01 2.257161031023876419e+01
-5.205265173115062538e+00 4.291695363483884762e+01 2.059906181023876570e+01 2.696365692688493709e+01 4.816308403483887446e+01 2.223175971023876230e+01
-5.307874373115062383e+00 4.383034473483886018e+01 1.993872361023876394e+01 2.678603882688493698e+01 4.980757863483884762e+01 2.153577701023876401e+01
-5.346564573115060170e+00 4.360868953483887367e+01 1.907034951023876346e+01 2.664473412688493781e+01 5.003627743483886547e+01 2.056780101023876384e+01
-5.167109073115064177e+00 4.255743213483884801e+01 1.806732311023876392e+01 2.665447472688493846e+01 4.923660703483886891e+01 1.958151561023876397e+01
-4.947635773115059976e+00 4.102820853483885344e+01 1.691561291023876379e+01 2.684855682688493772e+01 4.780444143483887842e+01 1.855130981023876302e+01
-4.695789473115059565e+00 3.957837943483886534e+01 1.572208281023876530e+01 2.712919142688493679e+01 4.602062803483886455e+01 1.745942201023876450e+01
-4.551728173115062503e+00 3.834097713483885173e+01 1.457668921023876507e+01 2.740570172688493855e+01 4.420059623483885503e+01 1.627568291023876412e+01
-4.356827673115063249e+00 3.734582333483885463e+01 1.333033301023876405e+01 2.779413902688493820e+01 4.230831113483887407e+01 1.493242791023876492e+01
-4.196024473115063103e+00 3.649246633483886626e+01 1.203856671023876501e+01 2.809453492688493981e+01 4.059942433483885793e+01 1.337493451023876467e+01
-4.073752673115059508e+00 3.571124073483886718e+01 1.078527801023876442e+01 2.817147052688493858e+01 3.899955863483887697e+01 1.155175101023876394e+01
-3.895819973115063561e+00 3.503226133483886429e+01 9.637540110238765223e+00 2.838522782688493606e+01 3.785807913483884590e+01 9.931242810238764207e+00
-3.738727673115064931e+00 3.432380183483886071e+01 8.499891410238765488e+00 2.862349112688493946e+01 3.688638723483884974e+01 8.269284510238763986e+00
-3.559732973115060872e+00 3.371402393483884907e+01 7.471996010238765251e+00 2.878359132688493816e+01 3.603626523483887922e+01 6.743097410238764411e+00
-3.367069373115061381e+00 3.315966603483886388e+01 6.719939910238764469e+00 2.891018242688493700e+01 3.530563773483885370e+01 5.197340110238764410e+00
-3.232880473115063324e+00 3.257837943483886534e+01 6.285038410238763973e+00 2.908045182688493924e+01 3.458079643483884524e+01 3.879385810238764165e+00
-3.012394073115061133e+00 3.205136533483886296e+01 6.304882510238764226e+00 2.924684592688493723e+01 3.394731253483885780e+01 3.145364810238765685e+00
-2.907642473115060966e+00 3.143555713483885938e+01 6.744413410238763618e+00 2.935318282688493952e+01 3.338417783483888002e+01 3.672246210238764519e+00
-2.957276273115059695e+00 3.077851373483885311e+01 7.586748210238765111e+00 2.940771052688494080e+01 3.294030573483885860e+01 5.055000010238764219e+00
-2.964371573115062830e+00 3.048508113483887882e+01 8.693846610238765038e+00 2.947340462688493901e+01 3.266332813483886355e+01 6.483266110238766089e+00
-2.951892973115061380e+00 3.049651913483887711e+01 1.032899221023876457e+01 2.957468132688493867e+01 3.274662893483886705e+01 8.591055710238764576e+00
-3.005619173115061216e+00 3.080821343483887631e+01 1.244678161023876406e+01 2.955640282688493770e+01 3.330690723483886018e+01 1.091666531023876452e+01
-3.105280373115064663e+00 3.155966603483886956e+01 1.469102871023876489e+01 2.952341562688494037e+01 3.441136283483885450e+01 1.341008041023876451e+01
-3.052057773115059547e+00 3.333498343483884696e+01 1.715568551023876509e+01 2.959355572688493652e+01 3.618276173483886282e+01 1.614396511023876357e+01
-3.008368773115059014e+00 3.609466363483886653e+01 1.967004501023876628e+01 2.964562482688494072e+01 3.869050103483886005e+01 1.880428701023876314e+01
-3.288285173115060189e+00 3.954936333483888689e+01 2.159610681023876566e+01 2.939012972688493619e+01 4.229435843483886970e+01 2.106008311023876445e+01
-3.544693873115065230e+00 4.298464163483885159e+01 2.234127811023876475e+01 2.912902362688493696e+01 4.636315723483886586e+01 2.230157711023876388e+01
-3.942722473115061632e+00 4.557045713483887539e+01 2.216036961023876373e+01 2.852488692688493899e+01 4.989322323483887089e+01 2.229971431023876249e+01
-4.247406873115064485e+00 4.725208553483886931e+01 2.151440701023876301e+01 2.814143782688493900e+01 5.257820853483886481e+01 2.167621581023876587e+01
-4.426798373115062191e+00 4.749112363483885701e+01 2.061458711023876589e+01 2.785013952688493788e+01 5.382107963483886692e+01 2.076398021023876339e+01
-4.443375473115061425e+00 4.672674373483886257e+01 1.958425911023876509e+01 2.774620842688494093e+01 5.361010553483885133e+01 1.979732841023876588e+01
-4.383121573115062120e+00 4.554882623483885595e+01 1.862075661023876449e+01 2.761972762688493788e+01 5.289545713483886402e+01 1.888194261023876308e+01
-4.181882573115061064e+00 4.401963923483884855e+01 1.752793381023876407e+01 2.774645982688493717e+01 5.141542783483888002e+01 1.805772961023876633e+01
-4.040107073115059677e+00 4.238505673483885516e+01 1.638947361023876326e+01 2.794291562688493968e+01 4.942081113483885701e+01 1.711614391023876536e+01
-3.877335473115063991e+00 4.096668513483885476e+01 1.521537201023876484e+01 2.825644592688493617e+01 4.703084523483886414e+01 1.596667001023876509e+01
-3.674131173115057436e+00 3.944156303483887882e+01 1.370372821023876497e+01 2.869598302688493874e+01 4.461188773483885939e+01 1.450899721023876410e+01
-3.481003673115061758e+00 3.810560113483884948e+01 1.210484361023876509e+01 2.891440152688493725e+01 4.235514943483886441e+01 1.265816431023876376e+01
-3.376050673115059908e+00 3.699393123483886825e+01 1.058202031023876444e+01 2.903116442688493848e+01 4.054546933483885596e+01 1.082730151023876530e+01
-3.259412473115062880e+00 3.604178273483887551e+01 9.055861410238764009e+00 2.915893432688493903e+01 3.905868953483886230e+01 8.936772610238763903e+00
-3.061066573115063250e+00 3.530369683483885979e+01 7.512855210238765125e+00 2.935287002688493629e+01 3.796149713483887922e+01 7.197700210238764384e+00
-2.885190673115062054e+00 3.480729793483888557e+01 6.299124610238763466e+00 2.944130272688493832e+01 3.722241023483886124e+01 5.898824010238763904e+00
-2.869162873115062240e+00 3.438475153483886970e+01 5.650795410238764305e+00 2.940694572688493835e+01 3.674400443483887102e+01 5.078837310238764502e+00
-2.993332773115060519e+00 3.385606503483884921e+01 5.364046210238765156e+00 2.940114662688493752e+01 3.628774223483887340e+01 4.536810810238764091e+00
-3.012430673115062518e+00 3.325826223483886679e+01 5.471790010238764879e+00 2.938891512688493890e+01 3.580657773483886785e+01 4.522517810238763758e+00
-3.041077573115060773e+00 3.263322563483886540e+01 5.930980410238765543e+00 2.935363832688494057e+01 3.527596243483887406e+01 5.244348610238764863e+00
-3.095999973115063142e+00 3.220450253483886627e+01 6.770155810238764005e+00 2.937579142688493761e+01 3.468577693483885582e+01 6.511234710238765544e+00
-3.126438273115059729e+00 3.211255913483887525e+01 8.262323410238764154e+00 2.948977422688493988e+01 3.430348933483887208e+01 8.324622810238764714e+00
-3.189215973115064884e+00 3.254443173483886653e+01 1.079244811023876593e+01 2.952906792688493809e+01 3.454489553483884379e+01 1.052306951023876458e+01
-3.400650873115058204e+00 3.346003223483887723e+01 1.323003971023876524e+01 2.948120522688493850e+01 3.540262263483887750e+01 1.284177631023876387e+01
-3.604294673115063574e+00 3.478654593483886970e+01 1.544224671023876461e+01 2.929804482688494005e+01 3.695751763483886521e+01 1.522243561023876524e+01
-3.736286273115059231e+00 3.697078663483887340e+01 1.789614181023876327e+01 2.918061852688493829e+01 3.935203663483886771e+01 1.762148561023876425e+01
-4.093027573115058715e+00 3.948508113483887882e+01 1.980071211023876288e+01 2.888774172688493991e+01 4.193897513483886996e+01 1.929089501023876352e+01
-4.387647373115061811e+00 4.181782033483887062e+01 2.072946981023876489e+01 2.865185492688493696e+01 4.468669243483887499e+01 2.045567161023876324e+01
-4.504819573115060649e+00 4.384726373483886164e+01 2.085729421023876640e+01 2.834201232688494088e+01 4.697516903483884221e+01 2.095100141023876361e+01
-4.605356673115064581e+00 4.520431943483885107e+01 2.051757151023876347e+01 2.805536222688493808e+01 4.884703183483887301e+01 2.097046941023876343e+01
-4.685028973115063167e+00 4.556332813483885502e+01 1.985794721023876619e+01 2.794163542688493607e+01 4.969860653483885926e+01 2.061397621023876425e+01
-4.642228073115060027e+00 4.535951963483887539e+01 1.910205921023876385e+01 2.789722622688493914e+01 4.948121143483885476e+01 1.996750861023876311e+01
-4.630042373115060172e+00 4.453554493483886745e+01 1.832376271023876413e+01 2.782520702688493941e+01 4.780522273483884987e+01 1.885680271023876386e+01
-4.689682873115060602e+00 4.307850153483886402e+01 1.734546161023876465e+01 2.788090162688493834e+01 4.596579403483886495e+01 1.764535901023876363e+01
-4.556549973115064489e+00 4.130518613483886270e+01 1.611122121023876375e+01 2.805665002688493814e+01 4.426524463483886507e+01 1.648735341023876444e+01
-4.313733773115060899e+00 3.979415093483888199e+01 1.477381581023876578e+01 2.814730862688493929e+01 4.274869193483885965e+01 1.524994781023876556e+01
-4.305414673115059543e+00 3.855994683483885410e+01 1.352662171023876425e+01 2.817960502688493918e+01 4.151764943483888715e+01 1.390370911023876488e+01
-4.250598973115060630e+00 3.754008603483887896e+01 1.213306661023876387e+01 2.823215322688493956e+01 4.024800833483885754e+01 1.215768591023876510e+01
-4.096900273115064550e+00 3.664510303483885423e+01 1.050192001023876465e+01 2.836442972688493924e+01 3.918862113483888265e+01 1.035182851023876438e+01
-3.931177673115058724e+00 3.595447803483887128e+01 8.868044710238764949e+00 2.852390732688493813e+01 3.846273003483887010e+01 8.952840110238764026e+00
-3.728052673115058724e+00 3.548975643483885278e+01 7.458966510238765224e+00 2.865308982688493700e+01 3.792544973483884974e+01 7.699324510238763963e+00
-3.577103573115063995e+00 3.518283503483885966e+01 6.438361010238764948e+00 2.879799682688494045e+01 3.749080623483885688e+01 6.490115010238765691e+00
-3.489978873115060054e+00 3.489169733483885238e+01 5.687313510238764636e+00 2.889408752688493820e+01 3.713210263483884432e+01 5.585098710238764141e+00
-3.376291773115060124e+00 3.455239063483887207e+01 5.423325010238764676e+00 2.908465682688493814e+01 3.681688043483885053e+01 4.947353110238765339e+00
-3.377958073115060245e+00 3.406482963483884419e+01 5.545948510238766005e+00 2.912756182688493922e+01 3.650074273483886600e+01 4.975778710238763836e+00
-3.443015373115059674e+00 3.347505913483885820e+01 6.079833710238764510e+00 2.900984102688493849e+01 3.614942433483886930e+01 6.076804010238765485e+00
-3.512006473115061311e+00 3.288792533483885450e+01 6.979141710238764063e+00 2.902637892688493793e+01 3.582015193483886151e+01 7.615102810238765230e+00
-3.554343573115062327e+00 3.255178033483886679e+01 8.383622410238764644e+00 2.899358772688493957e+01 3.572560843483884696e+01 9.534592110238763851e+00
-3.726120873115061016e+00 3.264462703483886230e+01 1.078590821023876600e+01 2.894151412688493963e+01 3.602863583483886600e+01 1.170864381023876533e+01
-3.834504073115063250e+00 3.333926813483887486e+01 1.327887311023876471e+01 2.885927072688493666e+01 3.684430963483887922e+01 1.388799871023876520e+01
-3.904261173115060046e+00 3.468668023483886031e+01 1.577270531023876465e+01 2.890634602688493970e+01 3.824275933483886547e+01 1.625729661023876460e+01
-3.955979273115062256e+00 3.737704883483885965e+01 1.870123571023876607e+01 2.905678052688493906e+01 4.041618463483885648e+01 1.856676901023876525e+01
-4.074601073115061922e+00 4.088394583483886890e+01 2.092166831023876483e+01 2.887775562688494091e+01 4.364257623483885595e+01 2.058171091023876542e+01
-4.141230173115062030e+00 4.477857473483885542e+01 2.192561961023876549e+01 2.867129502688493758e+01 4.773218803483885608e+01 2.185933731023876447e+01
-4.223221673115062913e+00 4.746064263483884815e+01 2.156590321023876555e+01 2.829631942688493851e+01 5.098428763483886428e+01 2.189184691023876539e+01
-4.423090473115060206e+00 4.907946583483888503e+01 2.079091991023876318e+01 2.797093152688493944e+01 5.336797903483886785e+01 2.140796861023876474e+01
-4.617136473115063922e+00 4.933365293483885239e+01 1.995338331023876322e+01 2.780622772688493782e+01 5.405407523483884802e+01 2.067077361023876492e+01
-4.805353673115060786e+00 4.819856983483887802e+01 1.912280601023876514e+01 2.757262672688493765e+01 5.335635793483885436e+01 1.977407881023876612e+01
-4.719941073115059282e+00 4.623780323483885013e+01 1.813080751023876402e+01 2.758262012688494025e+01 5.173816953483887460e+01 1.873777501023876368e+01
-4.466117173115062400e+00 4.439651913483888279e+01 1.714362561023876452e+01 2.767957252688493952e+01 5.021563533483885067e+01 1.791299181023876486e+01
-4.175940773115058846e+00 4.249282033483885357e+01 1.588778351023876390e+01 2.796442932688493954e+01 4.846198543483887988e+01 1.706642971023876498e+01
-3.870438473115058287e+00 4.097481503483885490e+01 1.463067731023876483e+01 2.828910392688493758e+01 4.672060353483885820e+01 1.611312631023876563e+01
-3.697977573115061034e+00 3.972785453483885476e+01 1.337531861023876445e+01 2.868936942688493730e+01 4.458652153483888014e+01 1.445163851023876589e+01
-3.663343173115062967e+00 3.840200003483886348e+01 1.191465001023876447e+01 2.874370942688494068e+01 4.233796193483888715e+01 1.211611911023876509e+01
-3.448133173115060401e+00 3.714936333483888120e+01 1.025009281023876362e+01 2.891551502688493969e+01 4.077297173483887605e+01 1.002516601023876497e+01
-3.131021973115061030e+00 3.617300833483886890e+01 8.500760310238764106e+00 2.920491362688493808e+01 3.959991263483885859e+01 8.302628810238765311e+00
-2.905936573115059929e+00 3.546205863483888265e+01 7.116899610238764495e+00 2.940454472688493937e+01 3.872784233483886851e+01 6.881393910238763567e+00
-2.806363773115062799e+00 3.487073783483884881e+01 6.308549210238764360e+00 2.946902382688493915e+01 3.801119193483887670e+01 5.892757110238765250e+00
-2.762156073115065169e+00 3.410905573483887565e+01 5.625606210238764504e+00 2.955492232688493814e+01 3.736928523483885556e+01 4.776656810238764095e+00
-2.712180473115058277e+00 3.339136773483886600e+01 5.026968810238763297e+00 2.969887112688493858e+01 3.670031543483887049e+01 3.867953910238764337e+00
-2.626557273115061264e+00 3.275095023483885370e+01 4.666216010238763090e+00 2.984281492688493742e+01 3.595505183483888345e+01 3.107100410238764709e+00
-2.288787323115059280e+00 3.347407783483885169e+01 4.610021840238765378e+00 2.994633162688493755e+01 3.509234433483885596e+01 2.789455110238764135e+00
-3.143437143115065169e+00 3.347744343483887519e+01 4.319779180238764837e+00 2.983745032688494092e+01 3.393497123483885503e+01 3.850102710238765269e+00
-3.769834983115060822e+00 3.270046043483887388e+01 5.481984510238765651e+00 2.974205462688493640e+01 3.299521293483886097e+01 5.647531610238765154e+00
-3.878270163115061564e+00 3.139779473483885397e+01 8.039922718238763366e+00 2.963618612688493670e+01 3.264136773483886600e+01 7.916867510238764893e+00
-3.188840573115061972e+00 3.096556203483886804e+01 1.171505591023876391e+01 2.962501592688493801e+01 3.305839653483886309e+01 1.077202191023876487e+01
-3.349143373115062161e+00 3.239622613483885516e+01 1.575972181023876395e+01 2.967713462688493919e+01 3.458692433483886930e+01 1.387916721023876399e+01
-3.575077173115062124e+00 3.547145803483886084e+01 1.923296821023876646e+01 2.942019942688493828e+01 3.738002743483886547e+01 1.730000741023876643e+01
-3.702832873115063705e+00 4.038736383483887948e+01 2.222241831023876557e+01 2.923541862688493609e+01 4.198527643483888028e+01 2.098927471023876379e+01
-4.140860873115059348e+00 4.502193413483885820e+01 2.352203261023876379e+01 2.870734352688494084e+01 4.698671683483885886e+01 2.319864431023876250e+01
-4.512983073115062638e+00 4.852270313483884934e+01 2.376642881023876441e+01 2.778449542688493779e+01 5.137140923483886468e+01 2.391334041023876722e+01
-5.021674473115059101e+00 5.057415583483887644e+01 2.350546081023876610e+01 2.706022442688493967e+01 5.425795713483887539e+01 2.366956761023876510e+01
-5.333384073115059465e+00 5.138041803483886838e+01 2.298439681023876346e+01 2.665210102688493876e+01 5.583329883483887102e+01 2.311268971023876517e+01
-5.586722673115062321e+00 5.161379203483886613e+01 2.239875691023876669e+01 2.650746752688493757e+01 5.673483693483888146e+01 2.245445561023876380e+01
-5.628342573115062919e+00 5.089502983483887988e+01 2.168128521023876232e+01 2.649476382688493814e+01 5.688527643483885754e+01 2.180921261023876667e+01
-5.521979673115062326e+00 4.911547663483887050e+01 2.077566801023876408e+01 2.658804922688493733e+01 5.503320123483885595e+01 2.082967041023876575e+01
-5.545438473115058997e+00 4.621271783483885542e+01 1.941966101023876590e+01 2.648839732688493953e+01 5.167147023483886414e+01 1.919810341023876532e+01
-5.612845773115061832e+00 4.363061333483886983e+01 1.796029061023876494e+01 2.660180822688493762e+01 4.852968563483887010e+01 1.758016221023876469e+01
-5.587546673115060258e+00 4.162907523483886507e+01 1.647082071023876537e+01 2.682909652688493907e+01 4.584712943483887670e+01 1.618485471023876343e+01
-5.603058773115062507e+00 3.988500783483885925e+01 1.494651381023876446e+01 2.691308692688494020e+01 4.372228813483886256e+01 1.474332871023876379e+01
-5.530234673115060673e+00 3.811104543483887142e+01 1.308514411023876534e+01 2.694062912688493938e+01 4.195181693483885965e+01 1.310507441023876396e+01
-5.417310473115062308e+00 3.673259083483887366e+01 1.132851151023876568e+01 2.704283852688493894e+01 4.035840873483886071e+01 1.118107191023876368e+01
-5.236875273115060736e+00 3.577852593483888199e+01 9.868629110238764213e+00 2.722013992688494000e+01 3.896640433483887023e+01 9.371501610238764712e+00
-5.006797173115060673e+00 3.508158993483885979e+01 8.776228010238764199e+00 2.745506012688493769e+01 3.780702933483885886e+01 7.933243210238764220e+00
-4.825483073115062638e+00 3.455711483483887037e+01 8.303148310238764651e+00 2.766423062688493673e+01 3.688257863483886467e+01 6.840023510238765425e+00
-4.782218273115059759e+00 3.383335993483888160e+01 7.973818710238765206e+00 2.771392462688493907e+01 3.621729543483886005e+01 6.149841810238765305e+00
-4.783802173115063283e+00 3.289466363483886369e+01 7.649036910238764975e+00 2.772527762688493880e+01 3.566548883483886812e+01 5.705586710238764070e+00
-4.626413873115058806e+00 3.213158993483887116e+01 7.519449310238764284e+00 2.789055922688493894e+01 3.494421193483887578e+01 5.324714310238764625e+00
-4.470139473115064987e+00 3.143030813483886732e+01 7.654388910238765220e+00 2.808233552688493972e+01 3.408790093483887063e+01 5.545119910238764049e+00
-4.229615173115060855e+00 3.100024223483887909e+01 8.384270210238764065e+00 2.832339042688493791e+01 3.326312063483888437e+01 6.385902110238765417e+00
-4.200290773115064269e+00 3.076324273483886884e+01 9.919103710238765359e+00 2.844083282688493952e+01 3.262606013483886613e+01 8.445208410238764785e+00
-4.240213873115063592e+00 3.098008843483887631e+01 1.205409931023876524e+01 2.852755612688493869e+01 3.263117483483885906e+01 1.109478161023876552e+01
-4.343009273115058022e+00 3.177099423483886653e+01 1.461190331023876432e+01 2.858596522688493735e+01 3.357603573483885384e+01 1.380050671023876419e+01
-4.264875173115058260e+00 3.350079153483886785e+01 1.771862541023876503e+01 2.867013612688493751e+01 3.554274713483886217e+01 1.654411311023876507e+01
-4.146894173115061477e+00 3.625503963483885173e+01 2.069093671023876624e+01 2.871557452688493939e+01 3.863571583483886229e+01 1.949427171023876326e+01
-4.041275873115058204e+00 4.069782523483885939e+01 2.326102381023876475e+01 2.873685632688493996e+01 4.309295463483886124e+01 2.202897691023876448e+01
-4.343827173115062834e+00 4.555994683483885410e+01 2.430716451023876346e+01 2.841119452688493752e+01 4.830936093483887817e+01 2.355106931023876626e+01
-4.804831773115058269e+00 5.012743953483885662e+01 2.410093811023876498e+01 2.781450452688493868e+01 5.327510793483887142e+01 2.358432621023876408e+01
-5.426749573115060343e+00 5.328567923483888080e+01 2.283954321023876588e+01 2.701950712688493894e+01 5.784889943483887009e+01 2.243350151023876293e+01
-5.797055973115064376e+00 5.444720273483886785e+01 2.154391911023876460e+01 2.660074662688493774e+01 6.028274953483887089e+01 2.094389811023876291e+01
-5.993393773115059275e+00 5.359058643483885476e+01 2.075367741023876533e+01 2.625191502688493728e+01 6.046268123483886825e+01 2.013640141023876495e+01
-5.750827873115060385e+00 5.165121883483885767e+01 2.010611641023876572e+01 2.631468742688493734e+01 5.920524713483885648e+01 1.995033331023876499e+01
-5.730167473115063359e+00 4.951357233483886944e+01 1.952112661023876328e+01 2.615346042688493711e+01 5.721564753483886534e+01 1.980271101023876312e+01
-5.646219773115060292e+00 4.721545223483886389e+01 1.879168691023876647e+01 2.633911862688493954e+01 5.478069883483888702e+01 1.969087111023876346e+01
-5.773355973115059214e+00 4.491320613483887314e+01 1.766464301023876615e+01 2.643968362688493912e+01 5.187195853483885344e+01 1.911180871023876549e+01
-5.959882473115062140e+00 4.315594293483886190e+01 1.661745911023876587e+01 2.634976932688493889e+01 4.910973933483887777e+01 1.803034871023876562e+01
-5.986777573115059425e+00 4.194358943483885582e+01 1.560577551023876453e+01 2.657714352688493875e+01 4.656583063483887486e+01 1.669408711023876535e+01
-5.971119073115062292e+00 4.074017143483885661e+01 1.437323371023876462e+01 2.666665832688493865e+01 4.452875783483887062e+01 1.529065641023876410e+01
-5.816584173115060707e+00 3.958608213483887539e+01 1.292034541023876493e+01 2.688219742688493952e+01 4.242192193483884921e+01 1.335722401023876493e+01
-5.596875873115063627e+00 3.857158013483885384e+01 1.138638121023876515e+01 2.706826012688493677e+01 4.069501763483884815e+01 1.125534411023876480e+01
-5.380426873115062847e+00 3.765353813483886825e+01 9.888733410238764066e+00 2.729834962688493860e+01 3.920998343483884696e+01 9.129508710238765090e+00
-5.136756273115061333e+00 3.697911183483884656e+01 9.028399310238764741e+00 2.750163452688493848e+01 3.805694393483886984e+01 7.381083410238765907e+00
-4.890113173115061329e+00 3.605991023483886693e+01 8.381126910238764438e+00 2.761248382688494019e+01 3.736037403483888397e+01 5.939977710238764530e+00
-4.674991673115062696e+00 3.480367243483888728e+01 7.704675010238764443e+00 2.785228262688493928e+01 3.655131643483886705e+01 4.955981910238763888e+00
-4.383182673115062045e+00 3.365583303483884947e+01 7.459276310238763585e+00 2.813542852688493667e+01 3.571703913483887050e+01 4.684311410238764850e+00
-4.107972073115060851e+00 3.250012013483888040e+01 7.610504610238765011e+00 2.845565322688494092e+01 3.471043513483886045e+01 5.108880310238765432e+00
-4.200846173115060367e+00 3.167027393483886044e+01 8.287321210238765445e+00 2.867274122688493776e+01 3.383151663483886296e+01 5.669479810238764017e+00
-4.154157373115062057e+00 3.093924373483886825e+01 9.114027910238764463e+00 2.869506862688493953e+01 3.309455373483885410e+01 6.560781510238763659e+00
-3.858219273115061299e+00 3.041783253483885119e+01 1.048621801023876543e+01 2.878697762688494066e+01 3.250436823483886428e+01 8.168595610238764237e+00
-3.801310073115061527e+00 3.056259573483886527e+01 1.303685731023876571e+01 2.900740002688493746e+01 3.245521053483886931e+01 1.083081631023876490e+01
-3.940195573115062189e+00 3.193021053483886362e+01 1.611527091023876324e+01 2.909567482688493811e+01 3.371279103483885820e+01 1.449091521023876439e+01
-4.075159573115058720e+00 3.457094533483885357e+01 1.922521751023876391e+01 2.896244492688493821e+01 3.698567923483886943e+01 1.858164761023876466e+01
-4.055991473115064139e+00 3.935857963483886124e+01 2.256295131023876621e+01 2.879859572688494040e+01 4.170873833483886983e+01 2.190339861023876367e+01
-4.174643773115061407e+00 4.602623103483884393e+01 2.421206251023876632e+01 2.861927672688494084e+01 4.844632383483886429e+01 2.394811831023876536e+01
-4.453736273115062261e+00 5.070485653483885358e+01 2.353960081023876683e+01 2.820003652688493645e+01 5.405731013483887182e+01 2.346025131023876398e+01
-4.899985573115060333e+00 5.210781063483887010e+01 2.288978241023876592e+01 2.781717212688493746e+01 5.667107963483886124e+01 2.242282071023876711e+01
-4.701612173115059079e+00 5.123730283483885728e+01 2.245479361023876663e+01 2.772114972688493850e+01 5.616724663483887525e+01 2.208101781023876242e+01
-4.305954873115059200e+00 4.986917533483884313e+01 2.195321591023876451e+01 2.800543812688493972e+01 5.488863333483885754e+01 2.178500181023876436e+01
-3.960541673115063332e+00 4.817895313483884934e+01 2.124946071023876470e+01 2.829319482688493892e+01 5.362459523483886414e+01 2.142422451023876562e+01
-3.695548373115059348e+00 4.626244923483886851e+01 2.050353881023876568e+01 2.856367972688493850e+01 5.167371633483887194e+01 2.093318221023876546e+01
-3.697336673115060535e+00 4.416194883483888134e+01 1.967329911023876576e+01 2.856711642688493669e+01 4.916531793483886759e+01 1.996690591023876493e+01
-3.625486073115059327e+00 4.234491993483885608e+01 1.870704151023876349e+01 2.874285722688493649e+01 4.620466123483885212e+01 1.849451601023876535e+01
-3.640250473115060004e+00 4.078250543483886759e+01 1.770700401023876580e+01 2.884264172688493844e+01 4.333596003483887671e+01 1.657761621023876586e+01
-3.656357673115060436e+00 3.892935603483886098e+01 1.617490641023876563e+01 2.879393942688493979e+01 4.092325253483886627e+01 1.427447481023876463e+01
-3.482169473115064307e+00 3.743659473483887723e+01 1.443487191023876548e+01 2.893753992688493781e+01 3.939422413483887908e+01 1.221307071023876389e+01
-3.285431773115064402e+00 3.626359673483887036e+01 1.244707991023876481e+01 2.916570652688493936e+01 3.823898733483886758e+01 1.014386411023876455e+01
-3.072046773115062024e+00 3.546166803483885133e+01 1.066362731023876442e+01 2.936684142688493893e+01 3.744120903483886309e+01 8.440867310238765242e+00
-2.910230373115059166e+00 3.489083063483886349e+01 9.376644610238763278e+00 2.947738182688493680e+01 3.695622373483885781e+01 7.143935810238765782e+00
-2.826435173115061872e+00 3.412492483483885053e+01 8.443227810238765230e+00 2.960084182688493826e+01 3.646761283483886018e+01 6.172626910238763642e+00
-2.740451973115064277e+00 3.338543513483887182e+01 7.967956210238764214e+00 2.975967892688493777e+01 3.597848933483888345e+01 5.369041910238763649e+00
-2.624735373115061776e+00 3.254156303483887314e+01 7.877026110238764645e+00 2.984850032688493826e+01 3.538603323483886243e+01 5.091531810238764777e+00
-2.772654073115059958e+00 3.180583303483885516e+01 8.329472010238765378e+00 2.985654852688493932e+01 3.460038873483884458e+01 5.984428910238763777e+00
-2.734720773115061121e+00 3.134404103483886672e+01 8.850706910238764991e+00 2.997070682688493903e+01 3.390319633483886719e+01 7.309917910238764804e+00
-2.780500773115065272e+00 3.074251003483885825e+01 9.676367063238764388e+00 3.006011192688493949e+01 3.336608693483887578e+01 9.030425010238765537e+00
-2.428480043115058606e+00 3.021117453483886095e+01 1.134163325623876517e+01 3.028323962688493864e+01 3.305669973483887247e+01 1.087256671023876464e+01
-2.309806173115063643e+00 3.002486383483886812e+01 1.378108301023876514e+01 3.031349242688493817e+01 3.316220513483884247e+01 1.296112491023876423e+01
-2.608106373115063548e+00 3.075612603483887142e+01 1.657929901023876340e+01 3.021861482688493794e+01 3.407596243483888543e+01 1.527725361023876438e+01
-2.782923273115063267e+00 3.313179743483888728e+01 2.006853951023876448e+01 3.011950142688493770e+01 3.611088673483885714e+01 1.787294061023876424e+01
-2.920597173115062617e+00 3.801818653483886123e+01 2.328592421023876469e+01 2.983720962688493827e+01 4.026096003483885966e+01 2.131749241023876351e+01
-3.367450873115060972e+00 4.424792293483886851e+01 2.460341081023876342e+01 2.946246252688493783e+01 4.655176813483888054e+01 2.389051331023876656e+01
-3.669367373115065334e+00 4.921742973483887340e+01 2.376904531023876643e+01 2.885902432688493846e+01 5.173329883483884828e+01 2.384534461023876517e+01
-4.181070873115061204e+00 5.101181453483886230e+01 2.256855931023876494e+01 2.793429632688494024e+01 5.255180473483886772e+01 2.251485301023876673e+01
-4.618988873115057459e+00 5.076163143483884710e+01 2.145625271023876479e+01 2.687995132688493882e+01 5.197714653483888014e+01 2.068171581023876371e+01
-4.920990873115062669e+00 4.972322803483885423e+01 2.042098741023876585e+01 2.703672702688493956e+01 5.145947073483887380e+01 1.949831071023876561e+01
-4.875953073115063319e+00 4.790649223483887909e+01 1.942958821023876581e+01 2.738134412688494024e+01 5.026541553483886560e+01 1.854126071023876321e+01
-4.826517573115058468e+00 4.604633603483887327e+01 1.847139591023876548e+01 2.754728762688493759e+01 4.869417533483886018e+01 1.760979641023876496e+01
-4.790635073115062426e+00 4.426767383483885965e+01 1.753477251023876349e+01 2.759680162688493965e+01 4.648333553483885794e+01 1.618888311023876625e+01
-4.620188273115061861e+00 4.197477833483887366e+01 1.604415271023876599e+01 2.772030852688493852e+01 4.409461483483886468e+01 1.442446661023876509e+01
-4.416480373115060587e+00 4.020843313483888437e+01 1.456858601023876432e+01 2.791553522688493771e+01 4.196044733483884670e+01 1.261043591023876509e+01
-4.321714173115061897e+00 3.874000053483885608e+01 1.319931111023876369e+01 2.794613372688493769e+01 4.040787163483886957e+01 1.109415101023876460e+01
-4.239435673115060865e+00 3.738223683483886362e+01 1.184240811023876461e+01 2.800176422688493716e+01 3.928360403483887353e+01 9.887775910238765675e+00
-4.149552273115062917e+00 3.631707573483885199e+01 1.052316101023876449e+01 2.818861872688493975e+01 3.841224173483888649e+01 8.713150510238763857e+00
-4.021601173115062267e+00 3.555241513483886706e+01 9.464903710238765200e+00 2.825634332688493799e+01 3.776179013483886138e+01 7.737142610238764817e+00
-3.965503773115063524e+00 3.459416313483885119e+01 8.442131510238764847e+00 2.834811012688494003e+01 3.702378963483886309e+01 6.618852710238764203e+00
-3.885370773115063514e+00 3.351249813483886442e+01 7.728959310238764147e+00 2.852398972688493828e+01 3.613663143483884710e+01 5.706800510238764446e+00
-3.699540073115059613e+00 3.252432673483885139e+01 7.649580110238765940e+00 2.877211022688494069e+01 3.511432913483886864e+01 5.199755510238764700e+00
-3.517768173115058516e+00 3.164577443483887009e+01 7.979929010238764775e+00 2.894239492688493698e+01 3.412798883483887380e+01 5.345310710238763363e+00
-3.273154573115064636e+00 3.088126033483885635e+01 8.504907710238764906e+00 2.918098932688494074e+01 3.317155573483887565e+01 5.760083510238764859e+00
-3.600586083115061342e+00 3.069802833483885252e+01 8.856658531238764454e+00 2.950548312688493979e+01 3.224699513483886903e+01 6.536249210238764817e+00
-3.450145463115060096e+00 3.026204743483884840e+01 9.915004767238764671e+00 2.978406172688493925e+01 3.156017873483885694e+01 7.907387210238765007e+00
-3.222558263115061550e+00 3.005308513483886657e+01 1.185075238123876495e+01 2.986981032688493798e+01 3.145583303483886084e+01 1.021256991023876459e+01
-3.243210673115061837e+00 3.028167533483885165e+01 1.528129971023876443e+01 2.945248702688493836e+01 3.258991513483886138e+01 1.368784681023876537e+01
-3.700290773115064269e+00 3.268854793483887988e+01 1.901970081023876347e+01 2.912598252688493972e+01 3.526124073483885013e+01 1.735142101023876293e+01
-4.112293373115065265e+00 3.687735403483887353e+01 2.245573741023876480e+01 2.869100442688493757e+01 3.924721493483886547e+01 2.084071471023876398e+01
-4.381806273115060435e+00 4.210169483483886665e+01 2.477961321023876451e+01 2.834213592688493932e+01 4.416882133483886719e+01 2.357414861023876540e+01
-4.857907973115061395e+00 4.732538873483886732e+01 2.568104291023876584e+01 2.770958732688493953e+01 4.942521783483886111e+01 2.516776851023876560e+01
-5.285212073115062026e+00 5.080820123483886164e+01 2.521861391023876564e+01 2.679421832688493765e+01 5.380604053483887128e+01 2.525238081023876191e+01
-5.782279273115065621e+00 5.257638973483886957e+01 2.428400241023876305e+01 2.596730202688493705e+01 5.665706593483886877e+01 2.445683641023876476e+01
-6.263575073115063674e+00 5.313243213483886507e+01 2.322119411023876268e+01 2.553669082688493930e+01 5.799585993483887592e+01 2.348378461023876440e+01
-6.709708473115057359e+00 5.274902153483887446e+01 2.232299931023876383e+01 2.536363702688493760e+01 5.780265923483887036e+01 2.255187001023876547e+01
-6.918668473115062056e+00 5.149196583483887935e+01 2.133776671023876403e+01 2.516448062688493792e+01 5.635398983483887037e+01 2.142331441023876337e+01
-6.950968273115059048e+00 4.921117973483887909e+01 1.998260831023876349e+01 2.498081912688493844e+01 5.329288143483884710e+01 1.950565231023876578e+01
-7.126609173115060258e+00 4.636181453483885662e+01 1.825254401023876483e+01 2.501814022688493822e+01 4.986655083483887552e+01 1.721098651023876513e+01
-7.075901173115063614e+00 4.384015923483886468e+01 1.654051851023876551e+01 2.510522952688493703e+01 4.654211233483886190e+01 1.476406851023876499e+01
-7.078843073115059781e+00 4.138448293483887142e+01 1.478846421023876445e+01 2.525469692688493950e+01 4.382447323483884816e+01 1.261407551023876472e+01
-6.987256773115060327e+00 3.854063533483886772e+01 1.239593251023876519e+01 2.539604132688493721e+01 4.114983943483886719e+01 1.029841891023876599e+01
-6.777945873115061914e+00 3.613107723483886957e+01 9.929377410238764412e+00 2.553602532688493909e+01 3.898366513483884432e+01 8.669758310238764309e+00
-6.460822373115060913e+00 3.439675103483887142e+01 7.964547410238765224e+00 2.586878742688493915e+01 3.721377983483887419e+01 7.467035410238764825e+00
-6.315625873115063627e+00 3.314471243483887974e+01 6.838948510238765266e+00 2.599281092688493899e+01 3.584101373483886732e+01 7.068441510238764991e+00
-6.081845973115061810e+00 3.250624813483887010e+01 6.958206610238764966e+00 2.601406562688493906e+01 3.508510553483884564e+01 7.525940410238764144e+00
-6.029993573115060457e+00 3.182002983483886283e+01 7.126189910238764469e+00 2.613769382688493792e+01 3.438715633483886336e+01 7.711440710238765206e+00
-5.973633673115063658e+00 3.112029843483887248e+01 7.046297910238763507e+00 2.606711722688493893e+01 3.380575983483885238e+01 7.762383010238764314e+00
-5.859745173115062045e+00 3.038555713483884801e+01 6.780597410238764056e+00 2.608132202688493706e+01 3.327421683483888160e+01 7.447807810238764148e+00
-5.757880473115065456e+00 2.942045713483886971e+01 6.056975210238764618e+00 2.610366292688493672e+01 3.282343563483885873e+01 6.758794110238765640e+00
-5.588477473115062821e+00 2.851137503483886348e+01 4.994239510238763557e+00 2.631857462688493854e+01 3.222004203483885476e+01 5.552486110238765704e+00
-5.305140073115058641e+00 2.755098683483885225e+01 3.458887210238763998e+00 2.649754642688493789e+01 3.150590633483886904e+01 3.925166810238764015e+00
-5.133826573115062075e+00 2.664606743483886930e+01 1.973174010238764708e+00 2.637940052688493964e+01 3.073803523483886124e+01 2.123561510238763717e+00
-5.000589873115060868e+00 2.572530323483886150e+01 9.377736102387643768e-01 2.629260642688493732e+01 2.984637263483887182e+01 3.772069102387654027e-01
-4.953070973115060838e+00 2.456511043483887136e+01 2.848607102387639145e-01 2.622647312688494026e+01 2.853274953483887089e+01 -1.245575989761235292e+00
-5.145935973115058459e+00 2.325235403483885932e+01 -2.281504897612336435e-01 2.614694052688493997e+01 2.704355283483886296e+01 -2.380146289761235323e+00
-5.284241573115060930e+00 2.203648493483888160e+01 -4.878931897612339696e-01 2.609501082688493767e+01 2.570024223483886772e+01 -3.040471989761236671e+00
-5.596271673115058576e+00 2.102429013483885001e+01 -3.541636897612328028e-01 2.585880692688493809e+01 2.469430963483887354e+01 -3.292168689761236777e+00
-5.861737973115062061e+00 2.018641163483886203e+01 -7.463638976123476709e-02 2.554938762688493981e+01 2.419423633483886249e+01 -3.155156989761234598e+00
-6.050321273115059739e+00 1.964999813483886726e+01 3.113148102387626182e-01 2.543455432688493900e+01 2.393697323483885953e+01 -2.731589789761237341e+00
-6.320948173115063184e+00 1.945503963483885457e+01 9.113682102387663519e-01 2.552544052688493892e+01 2.381450003483887201e+01 -2.052450089761233443e+00
-6.447315373115060311e+00 1.948239553483885800e+01 1.579062310238764866e+00 2.560127232688493848e+01 2.377648733483886190e+01 -1.350116989761236397e+00
-6.435218173115060836e+00 1.956683163483887711e+01 1.987035110238764446e+00 2.561704702688493995e+01 2.392919733483886091e+01 -8.027857897612342697e-01
-6.425269473115061913e+00 1.961031303483886745e+01 2.117392410238764455e+00 2.539309142688493992e+01 2.421852833483887935e+01 -4.922098897612379176e-01
-6.372452673115063249e+00 1.966981013483886898e+01 2.032709210238765607e+00 2.515479552688493925e+01 2.432773243483886461e+01 -3.553797897612369638e-01
-6.150260273115062404e+00 1.949950983483886091e+01 1.814233910238765901e+00 2.517492012688493830e+01 2.407292293483887136e+01 -3.039850897612375036e-01
-5.884415573115060027e+00 1.902599903483887545e+01 1.470920310238764017e+00 2.518561332688493692e+01 2.343073543483887988e+01 -5.009516897612336095e-01
-5.693708173115062721e+00 1.861511043483886851e+01 1.313651010238764627e+00 2.532288692688493725e+01 2.291784473483886586e+01 -7.584986897612360224e-01
-5.528882673115063540e+00 1.841807673483884855e+01 1.222627710238764820e+00 2.567168742688493666e+01 2.245275693483885959e+01 -1.124024489761236367e+00
