0.000000000000000000e+00 3.000000000000000000e+00 0.000000000000000000e+00 3.170479730000000274e+00 3.447954099999998689e+00 -8.616287000000011354e-02
-2.226714999999979128e-02 3.014670410000000800e+00 2.732192999999982774e-02 3.136640010000000256e+00 3.481986079999998651e+00 -8.210052000000023220e-02
-3.132476999999989076e-02 3.040570070000001124e+00 5.206131000000002729e-02 3.115095820000000071e+00 3.527785650000000217e+00 -8.285765999999994413e-02
-2.603301999999985128e-02 3.063529049999999643e+00 6.960525999999989111e-02 3.092203590000000002e+00 3.549406739999998450e+00 -9.454086000000017087e-02
-1.296493999999981384e-02 3.064364009999998473e+00 7.071319999999969852e-02 3.067721399999999932e+00 3.551246340000000501e+00 -1.137242099999999922e-01
1.312347000000002595e-02 3.057517090000001048e+00 5.673111000000008453e-02 3.058124460000000155e+00 3.550870360000001114e+00 -1.224821400000002392e-01
3.044357000000008640e-02 3.033105470000000636e+00 4.735870999999991504e-02 3.063916240000000180e+00 3.555982670000000567e+00 -1.284075899999999049e-01
3.944702000000033237e-02 2.999796140000000833e+00 3.665786999999998130e-02 3.064752040000000122e+00 3.537534179999999751e+00 -1.641360400000000386e-01
3.454788000000030834e-02 2.981658939999999092e+00 2.365997999999991386e-02 3.089635690000000157e+00 3.527135009999998516e+00 -1.883779900000002172e-01
2.906845000000002344e-02 2.992113039999999557e+00 1.871398999999995816e-02 3.107154840000000195e+00 3.510958250000001613e+00 -2.150262400000000351e-01
1.040618999999987082e-02 3.019215089999999435e+00 2.319289999999996077e-02 3.120822750000000312e+00 3.479902340000000649e+00 -2.418595900000000132e-01
-1.688537999999972783e-02 3.037757570000000129e+00 1.980072000000010490e-02 3.129612880000000263e+00 3.429708250000000902e+00 -2.666116300000003214e-01
-4.833328999999997322e-02 3.026910399999998447e+00 5.622409999999966601e-03 3.127367630000000176e+00 3.378370360000001682e+00 -2.923526000000000735e-01
-7.468354000000010373e-02 2.997142329999999077e+00 -1.912597000000015868e-02 3.112149810000000016e+00 3.317171630000000704e+00 -3.253726200000000013e-01
-9.500961999999990582e-02 2.943016360000001441e+00 -6.165039000000005487e-02 3.076660150000000371e+00 3.254368899999999343e+00 -3.487812800000003044e-01
-1.139955200000000168e-01 2.894941410000001270e+00 -9.748443000000017733e-02 3.050398250000000200e+00 3.159958500000000114e+00 -3.742759699999997913e-01
-1.348199499999997997e-01 2.857700199999998247e+00 -1.081086700000000178e-01 3.038603360000000198e+00 3.029787599999998804e+00 -3.923226900000003070e-01
-1.703196799999999733e-01 2.791661380000000747e+00 -1.015757700000001762e-01 3.014030070000000006e+00 2.891154789999999863e+00 -4.001330499999999901e-01
-2.262823499999999655e-01 2.677060550000000205e+00 -8.308975000000007327e-02 2.959827230000000142e+00 2.751990969999999592e+00 -4.065809599999998802e-01
-2.945687899999995807e-01 2.526488039999998492e+00 -8.755020000000013347e-02 2.887624699999999933e+00 2.600830079999999711e+00 -4.078958099999998588e-01
-3.697308399999998940e-01 2.365660399999999441e+00 -1.049092100000001970e-01 2.817879790000000106e+00 2.428778079999998951e+00 -3.977806100000003120e-01
-4.344491599999997788e-01 2.218930659999999833e+00 -1.183316000000000923e-01 2.767286530000000244e+00 2.240694579999999547e+00 -3.788978600000003638e-01
-5.149108899999998989e-01 2.067302249999999120e+00 -1.013949600000001450e-01 2.711471130000000063e+00 2.066152340000000365e+00 -3.111419700000004340e-01
-5.763973999999998377e-01 1.943957520000001438e+00 -3.084808000000016648e-02 2.651864329999999992e+00 1.925238039999998207e+00 -1.905954000000000814e-01
-6.365002499999996566e-01 1.840997320000001380e+00 7.779845999999990269e-02 2.591481990000000124e+00 1.815319829999999968e+00 -1.941177000000027242e-02
-6.964990300000000190e-01 1.773082280000000566e+00 2.711836299999998978e-01 2.528430270000000313e+00 1.758566899999999933e+00 2.388609299999997493e-01
-7.412320000000001130e-01 1.751057129999999518e+00 5.331896999999998776e-01 2.493694169999999932e+00 1.737327880000000491e+00 5.356635299999998878e-01
-7.645895399999997899e-01 1.789754639999999952e+00 8.480751799999998175e-01 2.479446280000000336e+00 1.780206299999999686e+00 8.650891899999998413e-01
-7.846945199999999510e-01 1.890327150000000955e+00 1.178493580000000041e+00 2.465988250000000104e+00 1.925212399999999491e+00 1.197964479999999998e+00
-7.871881099999997744e-01 2.084581299999999970e+00 1.526920759999999877e+00 2.449910980000000293e+00 2.177430420000000311e+00 1.546844919999999846e+00
-7.833581599999996925e-01 2.381890869999999438e+00 1.861741149999999845e+00 2.453590060000000239e+00 2.507380369999999914e+00 1.876878919999999784e+00
-7.760745299999998181e-01 2.742607419999998797e+00 2.129732899999999596e+00 2.477029990000000126e+00 2.875408939999999802e+00 2.145052760000000003e+00
-7.593722599999996881e-01 3.127312010000000697e+00 2.310052069999999791e+00 2.498762170000000005e+00 3.260269780000001560e+00 2.343803480000000050e+00
-7.370568899999998536e-01 3.481743160000000614e+00 2.413207630000000048e+00 2.535836900000000060e+00 3.619606929999999778e+00 2.474534379999999700e+00
-7.110760499999999595e-01 3.763844000000000634e+00 2.444680329999999735e+00 2.557022799999999929e+00 3.910678709999999114e+00 2.523602529999999788e+00
-6.792364499999998806e-01 3.919052739999999702e+00 2.397767720000000047e+00 2.586985010000000251e+00 4.112753910000000346e+00 2.512900549999999900e+00
-6.452828999999997706e-01 3.959321290000000104e+00 2.297905010000000026e+00 2.609138830000000020e+00 4.222941900000000359e+00 2.455311819999999923e+00
-6.013247700000001750e-01 3.915083010000000030e+00 2.175642929999999975e+00 2.638671659999999974e+00 4.256955570000000577e+00 2.368920179999999931e+00
-5.525463900000002759e-01 3.827905270000000471e+00 2.053432159999999840e+00 2.675883670000000158e+00 4.242008059999999858e+00 2.268041919999999934e+00
-5.025958299999997436e-01 3.712990720000000522e+00 1.913373909999999789e+00 2.711827430000000039e+00 4.167612309999999098e+00 2.140436180000000022e+00
-4.383041399999996202e-01 3.605356449999998603e+00 1.763127879999999870e+00 2.754360350000000235e+00 4.047808840000000075e+00 1.993861579999999911e+00
-3.712817400000001378e-01 3.504210210000000103e+00 1.612397939999999918e+00 2.800735770000000180e+00 3.917268070000000435e+00 1.854312449999999890e+00
-3.125619500000000883e-01 3.406562499999999716e+00 1.453358999999999845e+00 2.859245070000000055e+00 3.772135009999999511e+00 1.702135129999999830e+00
-2.693753100000000344e-01 3.333918459999999584e+00 1.304941829999999747e+00 2.910667609999999961e+00 3.655535890000001231e+00 1.568854319999999802e+00
-2.325494399999996631e-01 3.273282469999999833e+00 1.162732969999999977e+00 2.958965679999999931e+00 3.545844730000000666e+00 1.445910899999999888e+00
-2.113043299999999292e-01 3.219681399999998916e+00 1.043709569999999864e+00 2.984378120000000134e+00 3.422250980000001164e+00 1.313701819999999909e+00
-2.078027399999999858e-01 3.172282720000000111e+00 9.545796999999998089e-01 3.002606960000000047e+00 3.317497559999999623e+00 1.177044949999999979e+00
-2.102868700000000146e-01 3.127098390000000450e+00 8.929312199999999144e-01 3.010960310000000195e+00 3.228287350000000444e+00 1.063008959999999892e+00
-2.068981999999999211e-01 3.089880370000001264e+00 8.583484699999999190e-01 3.011711190000000204e+00 3.159013669999998442e+00 1.008139649999999943e+00
-2.129596000000000267e-01 3.049338379999998239e+00 8.750569199999999048e-01 3.003647530000000287e+00 3.107023930000000433e+00 1.021496129999999836e+00
-2.318856799999999829e-01 3.009990239999998707e+00 9.586342599999998493e-01 2.981294479999999858e+00 3.084591070000001878e+00 1.095288009999999979e+00
-2.653042599999997364e-01 2.979550779999998511e+00 1.084924549999999766e+00 2.957311440000000236e+00 3.099796140000000477e+00 1.214661409999999719e+00
-3.042666699999996283e-01 2.979445800000000588e+00 1.241019709999999776e+00 2.927614249999999974e+00 3.159842530000000593e+00 1.375777169999999883e+00
-3.402139299999999977e-01 3.009364009999998757e+00 1.416577609999999821e+00 2.894827080000000219e+00 3.249615479999999224e+00 1.537378749999999794e+00
-3.859140099999995854e-01 3.069691159999999641e+00 1.603050929999999763e+00 2.846388469999999948e+00 3.381618650000000059e+00 1.728130179999999960e+00
-4.216687099999996136e-01 3.184058840000000501e+00 1.785540349999999776e+00 2.812635420000000330e+00 3.534982910000000089e+00 1.905475089999999927e+00
-4.575933899999995447e-01 3.351744390000000351e+00 1.954736039999999786e+00 2.774910270000000345e+00 3.722587889999999788e+00 2.079782789999999881e+00
-4.850756899999999483e-01 3.553680420000000950e+00 2.087925069999999828e+00 2.743013420000000036e+00 3.947091070000000812e+00 2.226878129999999789e+00
-5.086544799999996869e-01 3.754682620000000526e+00 2.169142609999999749e+00 2.725830380000000108e+00 4.189978029999998910e+00 2.342185019999999618e+00
-5.274240199999997714e-01 3.924576420000001065e+00 2.203161779999999847e+00 2.694709889999999941e+00 4.402934569999999326e+00 2.384947089999999825e+00
-5.453402700000000713e-01 4.004151610000000971e+00 2.178871839999999782e+00 2.668715630000000338e+00 4.538742680000000362e+00 2.373295749999999593e+00
-5.567687999999999526e-01 4.006925049999999544e+00 2.123179739999999871e+00 2.657807749999999913e+00 4.567360840000000977e+00 2.318083349999999765e+00
-5.553704899999996059e-01 3.942694089999999818e+00 2.035805949999999864e+00 2.654769170000000234e+00 4.498193360000000141e+00 2.226329269999999916e+00
-5.395678699999999495e-01 3.858083499999999333e+00 1.941441769999999956e+00 2.668589450000000252e+00 4.389006349999998946e+00 2.133205910000000038e+00
-5.195871000000003015e-01 3.747233890000000400e+00 1.824526889999999790e+00 2.694376179999999898e+00 4.245557860000001682e+00 2.020727309999999832e+00
-4.990597599999997414e-01 3.631453860000000589e+00 1.683221309999999971e+00 2.721359780000000228e+00 4.081077880000000491e+00 1.879646329999999921e+00
-4.813980099999999318e-01 3.518675539999998492e+00 1.519406109999999810e+00 2.746502070000000018e+00 3.912298579999999859e+00 1.704453329999999767e+00
-4.629055799999997056e-01 3.413164060000001498e+00 1.333513949999999948e+00 2.759912110000000141e+00 3.730301509999998544e+00 1.478714429999999913e+00
-4.432174699999995582e-01 3.322551270000001722e+00 1.139163169999999781e+00 2.776862640000000049e+00 3.592415770000000563e+00 1.254717639999999967e+00
-4.221289099999996353e-01 3.233253169999999344e+00 9.133701399999999415e-01 2.793455350000000337e+00 3.483699950000000101e+00 1.024942169999999875e+00
-3.934970099999999249e-01 3.169710689999998721e+00 6.930908199999998853e-01 2.822786250000000052e+00 3.392567140000000592e+00 7.917760499999999535e-01
-3.653179999999998095e-01 3.130631100000000444e+00 5.031864999999997590e-01 2.853872790000000048e+00 3.314106449999998816e+00 5.712485499999999661e-01
-3.421936100000002590e-01 3.111148680000001221e+00 3.711439500000000002e-01 2.875701020000000163e+00 3.259893800000000397e+00 4.305772400000000832e-01
-3.334426900000000416e-01 3.089776610000001256e+00 3.275431799999997118e-01 2.895994180000000195e+00 3.208145750000001684e+00 3.803126599999997470e-01
-3.336993400000003440e-01 3.050683590000000223e+00 3.495809999999999196e-01 2.908236040000000244e+00 3.153939210000000770e+00 3.780334499999999931e-01
-3.356314099999999634e-01 3.004522710000001595e+00 3.994262699999997501e-01 2.903712040000000272e+00 3.101757810000000504e+00 4.255606100000000058e-01
-3.338897699999998636e-01 2.953833010000000314e+00 4.775191500000000033e-01 2.903081699999999987e+00 3.054311520000000613e+00 5.209762599999998578e-01
-3.295248499999998693e-01 2.926749270000000180e+00 6.446189899999998918e-01 2.890644070000000010e+00 3.007346189999999808e+00 6.917494999999997951e-01
-3.717724599999998603e-01 2.845351560000001001e+00 7.967406499999999392e-01 2.876691850000000272e+00 2.985694579999998766e+00 9.187618299999998905e-01
-4.033651799999997678e-01 2.838007810000000575e+00 1.055215529999999902e+00 2.858053620000000183e+00 3.018511959999999661e+00 1.180795059999999896e+00
-4.295788599999998958e-01 2.900281979999999038e+00 1.315066869999999888e+00 2.832313379999999992e+00 3.109488530000000139e+00 1.423250319999999736e+00
-4.437850999999994883e-01 3.021049809999999169e+00 1.543912529999999839e+00 2.804824860000000086e+00 3.269251710000000699e+00 1.664460889999999971e+00
-4.567108199999996287e-01 3.224798579999999859e+00 1.775014039999999849e+00 2.794693410000000267e+00 3.503922120000000362e+00 1.890183139999999984e+00
-4.777157600000001558e-01 3.505603029999999620e+00 1.969142129999999824e+00 2.772837599999999902e+00 3.823269039999999563e+00 2.085374759999999661e+00
-4.870693999999997637e-01 3.825649419999999523e+00 2.080375029999999903e+00 2.760986550000000150e+00 4.203211669999999955e+00 2.226385419999999726e+00
-5.069226099999997182e-01 4.109636230000001333e+00 2.102694360000000096e+00 2.722216260000000165e+00 4.552409669999999409e+00 2.257256659999999915e+00
-5.245916799999998936e-01 4.292781979999999109e+00 2.060001809999999711e+00 2.692300530000000247e+00 4.817395020000001082e+00 2.223271599999999903e+00
-5.348525999999997893e-01 4.384121090000000720e+00 1.993967989999999801e+00 2.674538720000000147e+00 4.981844479999999464e+00 2.153673329999999719e+00
-5.387216199999995681e-01 4.361955569999999227e+00 1.907130579999999798e+00 2.660408250000000141e+00 5.004714359999999473e+00 2.056875729999999791e+00
-5.207760700000001464e-01 4.256829829999999149e+00 1.806827939999999799e+00 2.661382310000000029e+00 4.924747320000001594e+00 1.958247189999999804e+00
-4.988287399999995486e-01 4.103907469999999336e+00 1.691656919999999786e+00 2.680790519999999955e+00 4.781530760000000768e+00 1.855226609999999887e+00
-4.736441099999999516e-01 3.958924559999999815e+00 1.572303909999999805e+00 2.708853980000000217e+00 4.603149419999999381e+00 1.746037829999999902e+00
-4.592379799999997125e-01 3.835184329999998809e+00 1.457764549999999826e+00 2.736505010000000127e+00 4.421146240000000560e+00 1.627663919999999820e+00
-4.397479299999997870e-01 3.735668949999999100e+00 1.333128929999999990e+00 2.775348740000000092e+00 4.231917729999999267e+00 1.493338419999999944e+00
-4.236676100000003053e-01 3.650333250000000973e+00 1.203952299999999864e+00 2.805388329999999986e+00 4.061029050000000140e+00 1.337589079999999875e+00
-4.114404299999998571e-01 3.572210689999998579e+00 1.078623429999999939e+00 2.813081890000000307e+00 3.901042480000000978e+00 1.155270729999999801e+00
-3.936471599999999960e-01 3.504312750000000420e+00 9.638496399999998410e-01 2.834457620000000233e+00 3.786894529999999648e+00 9.932199099999998726e-01
-3.779379299999998665e-01 3.433466800000001484e+00 8.500847699999999341e-01 2.858283950000000129e+00 3.689725339999998965e+00 8.270240799999998282e-01
-3.600384599999997270e-01 3.372489009999998899e+00 7.472952299999999770e-01 2.874293970000000087e+00 3.604713140000001204e+00 6.744053699999998930e-01
-3.407721000000001332e-01 3.317053220000000024e+00 6.720896199999999432e-01 2.886953080000000060e+00 3.531650389999999362e+00 5.198296399999999817e-01
-3.273532100000000611e-01 3.258924560000000525e+00 6.285994699999999380e-01 2.903980020000000106e+00 3.459166259999999937e+00 3.880342099999998240e-01
-3.053045699999996643e-01 3.206223150000001354e+00 6.305838799999998745e-01 2.920619430000000349e+00 3.395817870000000127e+00 3.146321100000000204e-01
-2.948294100000001805e-01 3.144642329999998154e+00 6.745369699999999025e-01 2.931253120000000045e+00 3.339504400000000928e+00 3.673202499999999038e-01
-2.997927899999996981e-01 3.078937990000000013e+00 7.587704499999998742e-01 2.936705890000000263e+00 3.295117190000000917e+00 5.055956299999999626e-01
-3.005023200000001005e-01 3.049594730000000808e+00 8.694802899999998225e-01 2.943275300000000261e+00 3.267419430000000347e+00 6.484222399999999276e-01
-2.992544599999997779e-01 3.050738530000000281e+00 1.032994849999999687e+00 2.953402969999999961e+00 3.275749510000000697e+00 8.592011999999998872e-01
-3.046270799999999390e-01 3.081907960000000557e+00 1.244773789999999991e+00 2.951575120000000219e+00 3.331777340000000365e+00 1.091762160000000037e+00
-3.145932000000000173e-01 3.157053219999999882e+00 1.469198499999999852e+00 2.948276400000000130e+00 3.442222899999999086e+00 1.341103669999999859e+00
-3.092709399999997721e-01 3.334584959999999043e+00 1.715664179999999872e+00 2.955290409999999923e+00 3.619362790000000274e+00 1.614492139999999853e+00
-3.049020399999995412e-01 3.610552979999999579e+00 1.967100129999999947e+00 2.960497319999999988e+00 3.870136719999999642e+00 1.880524329999999855e+00
-3.328936799999997476e-01 3.956022950000001259e+00 2.159706309999999796e+00 2.934947810000000157e+00 4.230522459999999541e+00 2.106103939999999675e+00
-3.585345499999998964e-01 4.299550779999998795e+00 2.234223440000000060e+00 2.908837200000000234e+00 4.637402340000001288e+00 2.230253339999999973e+00
-3.983374099999998919e-01 4.558132330000001176e+00 2.216132589999999958e+00 2.848423530000000259e+00 4.990408940000000015e+00 2.230067059999999657e+00
-4.288058500000002660e-01 4.726295170000000212e+00 2.151536329999999886e+00 2.810078620000000083e+00 5.258907469999998696e+00 2.167717209999999728e+00
-4.467449999999999477e-01 4.750198980000000404e+00 2.061554339999999819e+00 2.780948790000000059e+00 5.383194579999999618e+00 2.076493649999999747e+00
-4.484027099999998711e-01 4.673760989999999893e+00 1.958521540000000005e+00 2.770555680000000187e+00 5.362097170000000190e+00 1.979828469999999951e+00
-4.423773200000002959e-01 4.555969239999999587e+00 1.862171289999999813e+00 2.757907600000000237e+00 5.290632330000001105e+00 1.888289889999999804e+00
-4.222534199999996574e-01 4.403050539999998847e+00 1.752889009999999859e+00 2.770580820000000166e+00 5.142629400000000572e+00 1.805868589999999774e+00
-4.080758699999997852e-01 4.239592290000000929e+00 1.639042989999999866e+00 2.790226399999999884e+00 4.943167730000000759e+00 1.711710019999999943e+00
-3.917987100000002165e-01 4.097755129999999468e+00 1.521632829999999936e+00 2.821579429999999888e+00 4.704171140000001472e+00 1.596762629999999961e+00
-3.714782799999998275e-01 3.945242920000000098e+00 1.370468449999999949e+00 2.865533140000000145e+00 4.462275390000000286e+00 1.450995349999999906e+00
-3.521655299999997268e-01 3.811646729999999650e+00 1.210579989999999828e+00 2.887374990000000086e+00 4.236601560000000433e+00 1.265912059999999784e+00
-3.416702300000000747e-01 3.700479740000000461e+00 1.058297659999999807e+00 2.899051280000000119e+00 4.055633549999999587e+00 1.082825779999999849e+00
-3.300064099999997502e-01 3.605264890000000833e+00 9.056817699999998306e-01 2.911828269999999996e+00 3.906955569999999156e+00 8.937728899999998200e-01
-3.101718199999998760e-01 3.531456300000000326e+00 7.513811499999999421e-01 2.931221840000000078e+00 3.797236330000000493e+00 7.198656500000000236e-01
-2.925842300000001117e-01 3.481816410000000417e+00 6.300080899999997985e-01 2.940065109999999926e+00 3.723327639999999050e+00 5.899780299999999311e-01
-2.909814499999998638e-01 3.439561769999999186e+00 5.651751699999998380e-01 2.936629410000000107e+00 3.675487060000000028e+00 5.079793599999997689e-01
-3.033984400000000470e-01 3.386693120000000334e+00 5.365002500000000119e-01 2.936049500000000201e+00 3.629860840000000977e+00 4.537767099999998610e-01
-3.053082300000000693e-01 3.326912840000000315e+00 5.472746299999999842e-01 2.934826350000000250e+00 3.581744390000000777e+00 4.523474099999997833e-01
-3.081729199999996283e-01 3.264409179999999466e+00 5.931936700000000062e-01 2.931298670000000328e+00 3.528682860000001753e+00 5.245304899999998494e-01
-3.136651600000002205e-01 3.221536869999999553e+00 6.771112099999998524e-01 2.933513979999999854e+00 3.469664310000000640e+00 6.512190999999998287e-01
-3.167089899999999680e-01 3.212342530000000806e+00 8.263279699999999117e-01 2.944912260000000170e+00 3.431435550000001555e+00 8.325579099999997901e-01
-3.229867600000000394e-01 3.255529790000000645e+00 1.079340439999999957e+00 2.948841629999999991e+00 3.455576169999998726e+00 1.052402579999999865e+00
-3.441302499999996378e-01 3.347089840000000649e+00 1.323099599999999931e+00 2.944055360000000121e+00 3.541348880000001031e+00 1.284273259999999972e+00
-3.644946299999998196e-01 3.479741210000000251e+00 1.544320299999999868e+00 2.925739319999999921e+00 3.696838379999999091e+00 1.522339189999999842e+00
-3.776937899999999182e-01 3.698165279999999555e+00 1.789709809999999957e+00 2.913996690000000278e+00 3.936290279999999697e+00 1.762244189999999877e+00
-4.133679199999997778e-01 3.949594730000001164e+00 1.980166839999999873e+00 2.884709009999999907e+00 4.194984129999999922e+00 1.929185129999999804e+00
-4.428298999999999985e-01 4.182868649999999633e+00 2.073042609999999897e+00 2.861120330000000322e+00 4.469755859999999359e+00 2.045662789999999731e+00
-4.545471199999999712e-01 4.385812989999999800e+00 2.085825049999999958e+00 2.830136070000000004e+00 4.698603519999998923e+00 2.095195769999999680e+00
-4.646008300000001867e-01 4.521518559999998743e+00 2.051852779999999932e+00 2.801471059999999902e+00 4.885789799999999516e+00 2.097142569999999928e+00
-4.725680599999999565e-01 4.557419429999999494e+00 1.985890349999999804e+00 2.790098379999999878e+00 4.970947269999998142e+00 2.061493249999999833e+00
-4.682879699999995537e-01 4.537038580000000820e+00 1.910301549999999793e+00 2.785657460000000363e+00 4.949207759999998402e+00 1.996846489999999807e+00
-4.670693999999997459e-01 4.454641109999998960e+00 1.832471899999999820e+00 2.778455540000000390e+00 4.781608889999999334e+00 1.885775899999999838e+00
-4.730334499999999665e-01 4.308936770000000749e+00 1.734641789999999961e+00 2.784025000000000194e+00 4.597666019999998355e+00 1.764631529999999948e+00
-4.597201600000002664e-01 4.131605229999999906e+00 1.611217749999999782e+00 2.801599840000000174e+00 4.427611079999998367e+00 1.648830969999999896e+00
-4.354385399999998185e-01 3.980501710000000415e+00 1.477477209999999985e+00 2.810665700000000378e+00 4.275955810000001023e+00 1.525090409999999785e+00
-4.346066299999997717e-01 3.857081299999999047e+00 1.352757800000000010e+00 2.813895340000000189e+00 4.152851560000001996e+00 1.390466539999999807e+00
-4.291250599999996140e-01 3.755095220000001177e+00 1.213402289999999883e+00 2.819150159999999961e+00 4.025887450000000811e+00 1.215864219999999829e+00
-4.137551900000002725e-01 3.665596920000000480e+00 1.050287629999999917e+00 2.832377810000000107e+00 3.919948730000001547e+00 1.035278479999999890e+00
-3.971829299999996010e-01 3.596534419999999344e+00 8.869000999999999690e-01 2.848325570000000084e+00 3.847359619999998870e+00 8.953796399999998101e-01
-3.768704299999998675e-01 3.550062259999998915e+00 7.459922799999998411e-01 2.861243820000000326e+00 3.793631590000000386e+00 7.700280799999997816e-01
-3.617755200000001281e-01 3.519370120000001378e+00 6.439317299999998134e-01 2.875734519999999961e+00 3.750167239999999680e+00 6.491071299999999766e-01
-3.530630499999998229e-01 3.490256349999999230e+00 5.688269799999998710e-01 2.885343590000000180e+00 3.714296879999999135e+00 5.586054999999998660e-01
-3.416943399999996522e-01 3.456325679999999068e+00 5.424281300000000083e-01 2.904400520000000263e+00 3.682774659999999756e+00 4.948309399999999414e-01
-3.418609699999999307e-01 3.407569579999998766e+00 5.546904799999998747e-01 2.908691020000000016e+00 3.651160890000001658e+00 4.976734999999998799e-01
-3.483666999999996960e-01 3.348592530000001233e+00 6.080789999999998141e-01 2.896918939999999942e+00 3.616029049999999856e+00 6.077760299999999116e-01
-3.552658099999996821e-01 3.289879149999999086e+00 6.980097999999999026e-01 2.898572730000000153e+00 3.583101810000000498e+00 7.616059099999998860e-01
-3.594995199999999613e-01 3.256264650000000316e+00 8.384578699999999385e-01 2.895293609999999962e+00 3.573647460000000109e+00 9.535548399999997926e-01
-3.766772499999997414e-01 3.265549319999999867e+00 1.078686449999999963e+00 2.890086249999999968e+00 3.603950199999999882e+00 1.170960009999999940e+00
-3.875155700000001424e-01 3.335013430000001833e+00 1.327982939999999834e+00 2.881861910000000027e+00 3.685517580000000848e+00 1.388895499999999839e+00
-3.944912799999999997e-01 3.469754640000001444e+00 1.577366159999999962e+00 2.886569440000000153e+00 3.825362549999999473e+00 1.625825289999999868e+00
-3.996630899999997766e-01 3.738791499999999601e+00 1.870219199999999971e+00 2.901612890000000000e+00 4.042705080000001061e+00 1.856772529999999977e+00
-4.115252699999998320e-01 4.089481199999999816e+00 2.092262459999999713e+00 2.883710400000000007e+00 4.365344239999998877e+00 2.058266719999999772e+00
-4.181881799999995764e-01 4.478944090000000600e+00 2.192657590000000045e+00 2.863064340000000207e+00 4.774305420000001021e+00 2.186029360000000032e+00
-4.263873300000002864e-01 4.747150879999999518e+00 2.156685949999999963e+00 2.825566779999999945e+00 5.099515379999999709e+00 2.189280319999999946e+00
-4.463742099999996604e-01 4.909033200000001429e+00 2.079187619999999903e+00 2.793027990000000127e+00 5.337884519999999355e+00 2.140892489999999704e+00
-4.657788100000002096e-01 4.934451909999999941e+00 1.995433959999999951e+00 2.776557610000000231e+00 5.406494139999999504e+00 2.067172989999999988e+00
-4.846005299999998073e-01 4.820943599999999662e+00 1.912376230000000010e+00 2.753197510000000126e+00 5.336722410000000139e+00 1.977503509999999798e+00
-4.760592699999994792e-01 4.624866939999998650e+00 1.813176379999999810e+00 2.754196850000000030e+00 5.174903570000001451e+00 1.873873129999999776e+00
-4.506768800000000574e-01 4.440738530000000850e+00 1.714458189999999771e+00 2.763892090000000135e+00 5.022650149999998703e+00 1.791394809999999893e+00
-4.216592399999998797e-01 4.250368650000000414e+00 1.588873979999999797e+00 2.792377769999999870e+00 4.847285160000000204e+00 1.706738599999999773e+00
-3.911090099999996461e-01 4.098568119999999482e+00 1.463163359999999802e+00 2.824845230000000207e+00 4.673146969999999456e+00 1.611408259999999926e+00
-3.738629199999996544e-01 3.973872070000000534e+00 1.337627489999999808e+00 2.864871780000000090e+00 4.459738770000001296e+00 1.445259479999999819e+00
-3.703994800000001142e-01 3.841286619999999985e+00 1.191560629999999898e+00 2.870305780000000251e+00 4.234882810000001996e+00 1.211707539999999916e+00
-3.488784799999997688e-01 3.716022950000001046e+00 1.025104909999999814e+00 2.887486340000000151e+00 4.078383790000000175e+00 1.002612229999999993e+00
-3.171673600000000093e-01 3.618387450000000172e+00 8.501716599999997737e-01 2.916426200000000080e+00 3.961077879999999496e+00 8.303585099999998276e-01
-2.946588199999999880e-01 3.547292480000001191e+00 7.117855899999998570e-01 2.936389310000000030e+00 3.873870850000001198e+00 6.882350199999998086e-01
-2.847015399999999197e-01 3.488160399999999939e+00 6.309505499999998879e-01 2.942837220000000364e+00 3.802205810000000241e+00 5.893713400000000213e-01
-2.802807700000000679e-01 3.411992190000001202e+00 5.626562499999998579e-01 2.951427070000000263e+00 3.738015139999999903e+00 4.777613099999997726e-01
-2.752832099999995563e-01 3.340223390000000236e+00 5.027925099999999148e-01 2.965821950000000040e+00 3.671118160000000685e+00 3.868910199999997523e-01
-2.667208899999997662e-01 3.276181639999999007e+00 4.667172299999997609e-01 2.980216330000000191e+00 3.596591800000000561e+00 3.108056699999999228e-01
-2.329438950000000119e-01 3.348494399999999871e+00 4.610978130000000785e-01 2.990568000000000115e+00 3.510321049999999943e+00 2.790411399999999098e-01
-3.184088769999999791e-01 3.348830960000000800e+00 4.320735469999998912e-01 2.979679870000000008e+00 3.394583739999999850e+00 3.851059000000001120e-01
-3.810486609999998997e-01 3.271132660000001025e+00 5.482940800000000170e-01 2.970140300000000178e+00 3.300607910000000089e+00 5.648487899999998785e-01
-3.918921789999996186e-01 3.140866089999999389e+00 8.040879007999998107e-01 2.959553450000000030e+00 3.265223390000000947e+00 7.917823799999998968e-01
-3.229492199999999258e-01 3.097642820000000796e+00 1.171601219999999888e+00 2.958436429999999895e+00 3.306926270000001722e+00 1.077297820000000073e+00
-3.389794999999997671e-01 3.240709230000000218e+00 1.576067809999999847e+00 2.963648300000000013e+00 3.459779049999999856e+00 1.388012349999999895e+00
-3.615728800000002074e-01 3.548232419999999721e+00 1.923392449999999920e+00 2.937954780000000099e+00 3.739089359999999473e+00 1.730096369999999828e+00
-3.743484500000002768e-01 4.039823000000000164e+00 2.222337459999999876e+00 2.919476700000000147e+00 4.199614260000000598e+00 2.099023099999999697e+00
-4.181512499999997523e-01 4.503280030000000878e+00 2.352298889999999698e+00 2.866669190000000089e+00 4.699758300000000943e+00 2.319960059999999658e+00
-4.553634699999999924e-01 4.853356930000000347e+00 2.376738510000000026e+00 2.774384379999999872e+00 5.138227540000000815e+00 2.391429669999999952e+00
-5.062326099999996387e-01 5.058502199999999505e+00 2.350641709999999662e+00 2.701957280000000239e+00 5.426882329999999754e+00 2.367052390000000006e+00
-5.374035699999999416e-01 5.139128419999998698e+00 2.298535310000000109e+00 2.661144940000000236e+00 5.584416499999999672e+00 2.311364600000000102e+00
-5.627374299999998719e-01 5.162465819999999539e+00 2.239971319999999988e+00 2.646681590000000028e+00 5.674570310000001783e+00 2.245541189999999965e+00
-5.668994199999999317e-01 5.090589600000001269e+00 2.168224149999999906e+00 2.645411220000000174e+00 5.689614260000000812e+00 2.181016889999999986e+00
-5.562631300000000500e-01 4.912634279999998910e+00 2.077662429999999727e+00 2.654739760000000004e+00 5.504406739999998521e+00 2.083062669999999894e+00
-5.586090099999996283e-01 4.622358399999999534e+00 1.942061729999999820e+00 2.644774570000000047e+00 5.168233640000000406e+00 1.919905969999999851e+00
-5.653497399999998230e-01 4.364147950000001330e+00 1.796124689999999857e+00 2.656115660000000211e+00 4.854055179999999581e+00 1.758111849999999921e+00
-5.628198300000000209e-01 4.163994139999999788e+00 1.647177699999999856e+00 2.678844490000000356e+00 4.585799559999999886e+00 1.618581099999999884e+00
-5.643710399999997129e-01 3.989587399999999562e+00 1.494747009999999765e+00 2.687243529999999936e+00 4.373315429999999893e+00 1.474428499999999920e+00
-5.570886299999995295e-01 3.812191159999999357e+00 1.308610039999999808e+00 2.689997750000000298e+00 4.196268310000000668e+00 1.310603069999999981e+00
-5.457962099999997818e-01 3.674345700000001713e+00 1.132946779999999931e+00 2.700218690000000255e+00 4.036927490000000063e+00 1.118202819999999820e+00
-5.277526899999998022e-01 3.578939210000001481e+00 9.869585399999999398e-01 2.717948830000000093e+00 3.897727050000000304e+00 9.372457899999998565e-01
-5.047448799999996183e-01 3.509245610000000681e+00 8.777184299999998274e-01 2.741440850000000040e+00 3.781789550000000943e+00 7.934199499999998739e-01
-4.866134699999999924e-01 3.456798100000000318e+00 8.304104599999998504e-01 2.762357900000000033e+00 3.689344479999999038e+00 6.840979799999997724e-01
-4.822869899999995269e-01 3.384422610000001441e+00 7.974774999999998393e-01 2.767327300000000267e+00 3.622816159999999286e+00 6.150798099999998936e-01
-4.824453799999997017e-01 3.290552979999999295e+00 7.649993199999999272e-01 2.768462600000000329e+00 3.567635500000001514e+00 5.706542999999999477e-01
-4.667065499999996092e-01 3.214245610000000752e+00 7.520405599999998580e-01 2.784990760000000343e+00 3.495507810000001214e+00 5.325670599999998700e-01
-4.510791100000002274e-01 3.144117430000001434e+00 7.655345199999998851e-01 2.804168390000000066e+00 3.409876710000000699e+00 5.546076199999998568e-01
-4.270266799999995477e-01 3.101110840000000479e+00 8.385226499999998140e-01 2.828273880000000240e+00 3.327398680000001718e+00 6.386858399999999492e-01
-4.240942400000000667e-01 3.077410890000001231e+00 9.920059999999998324e-01 2.840018120000000312e+00 3.263692629999999539e+00 8.446164699999999526e-01
-4.280865500000001767e-01 3.099095460000000912e+00 1.205505559999999754e+00 2.848690450000000318e+00 3.264204099999998832e+00 1.109573789999999782e+00
-4.383660899999997085e-01 3.178186039999999934e+00 1.461285959999999884e+00 2.854531360000000184e+00 3.358690189999999021e+00 1.380146299999999826e+00
-4.305526799999999099e-01 3.351165769999999711e+00 1.771958169999999777e+00 2.862948450000000200e+00 3.555361330000000208e+00 1.654506939999999870e+00
-4.187545799999998763e-01 3.626590580000000230e+00 2.069189299999999676e+00 2.867492290000000388e+00 3.864658200000000932e+00 1.949522800000000000e+00
-4.081927499999995490e-01 4.070869139999999220e+00 2.326198009999999705e+00 2.869620470000000090e+00 4.310382079999998339e+00 2.202993320000000033e+00
-4.384478800000000120e-01 4.557081300000000113e+00 2.430812079999999931e+00 2.837054290000000201e+00 4.832022710000000387e+00 2.355202559999999945e+00
-4.845483399999994667e-01 5.013830569999999653e+00 2.410189439999999905e+00 2.777385290000000229e+00 5.328597410000000423e+00 2.358528249999999993e+00
-5.467401199999994965e-01 5.329654540000001717e+00 2.284049949999999995e+00 2.697885550000000077e+00 5.785976560000001712e+00 2.243445780000000056e+00
-5.837707600000001662e-01 5.445806890000001843e+00 2.154487539999999868e+00 2.656009500000000134e+00 6.029361570000000725e+00 2.094485439999999699e+00
-6.034045399999996562e-01 5.360145259999999467e+00 2.075463370000000030e+00 2.621126339999999999e+00 6.047354740000001172e+00 2.013735769999999814e+00
-5.791479499999998559e-01 5.166208499999999759e+00 2.010707269999999713e+00 2.627403580000000183e+00 5.921611330000001061e+00 1.995128959999999951e+00
-5.770819099999999757e-01 4.952443849999999870e+00 1.952208289999999957e+00 2.611280880000000248e+00 5.722651370000001236e+00 1.980366729999999853e+00
-5.686871399999997578e-01 4.722631840000001802e+00 1.879264319999999877e+00 2.629846699999999871e+00 5.479156500000001984e+00 1.969182739999999932e+00
-5.814007599999997389e-01 4.492407230000001306e+00 1.766559929999999889e+00 2.639903200000000005e+00 5.188282469999998980e+00 1.911276499999999823e+00
-6.000534100000001203e-01 4.316680910000000537e+00 1.661841539999999950e+00 2.630911769999999983e+00 4.912060550000001413e+00 1.803130499999999969e+00
-6.027429199999994047e-01 4.195445559999999574e+00 1.560673179999999771e+00 2.653649190000000324e+00 4.657669680000001478e+00 1.669504339999999809e+00
-6.011770700000003131e-01 4.075103759999999298e+00 1.437418999999999780e+00 2.662600670000000225e+00 4.453962399999999988e+00 1.529161269999999906e+00
-5.857235799999997994e-01 3.959694830000000110e+00 1.292130169999999856e+00 2.684154580000000401e+00 4.243278809999999623e+00 1.335818029999999990e+00
-5.637527499999999137e-01 3.858244629999999731e+00 1.138733749999999878e+00 2.702760850000000215e+00 4.070588379999998452e+00 1.125630039999999887e+00
-5.421078499999998357e-01 3.766440429999999395e+00 9.889689699999998362e-01 2.725769800000000131e+00 3.922084959999999398e+00 9.130464999999998721e-01
-5.177407899999999508e-01 3.698997799999999003e+00 9.029355599999998594e-01 2.746098289999999942e+00 3.806781009999999910e+00 7.382039699999998206e-01
-4.930764800000000392e-01 3.607077639999999974e+00 8.382083199999998957e-01 2.757183219999999935e+00 3.737124020000001323e+00 5.940933999999999937e-01
-4.715643300000000870e-01 3.481453860000002010e+00 7.705631299999997630e-01 2.781163100000000110e+00 3.656218260000001052e+00 4.956938199999998407e-01
-4.423834300000000219e-01 3.366669919999999649e+00 7.460232599999998548e-01 2.809477690000000027e+00 3.572790529999998910e+00 4.685267699999999813e-01
-4.148623699999998138e-01 3.251098630000001322e+00 7.611460899999999974e-01 2.841500160000000275e+00 3.472130130000000037e+00 5.109836599999999507e-01
-4.241497799999995877e-01 3.168114009999998260e+00 8.288277499999998632e-01 2.863208960000000136e+00 3.384238279999999932e+00 5.670436099999998092e-01
-4.194808999999999344e-01 3.095010990000000461e+00 9.114984199999998093e-01 2.865441700000000314e+00 3.310541989999999046e+00 6.561737799999998177e-01
-3.898870899999997697e-01 3.042869869999998755e+00 1.048717429999999950e+00 2.874632599999999982e+00 3.251523440000001486e+00 8.169551899999998312e-01
-3.841961699999996149e-01 3.057346190000000519e+00 1.303781359999999889e+00 2.896674840000000195e+00 3.246607670000001278e+00 1.083177259999999809e+00
-3.980847199999999475e-01 3.194107670000001065e+00 1.611622719999999953e+00 2.905502320000000083e+00 3.372365719999999456e+00 1.449187149999999757e+00
-4.115811199999996894e-01 3.458181149999999704e+00 1.922617379999999931e+00 2.892179330000000270e+00 3.699654540000000935e+00 1.858260389999999873e+00
-4.096643100000001425e-01 3.936944579999998695e+00 2.256390759999999940e+00 2.875794410000000134e+00 4.171960450000002041e+00 2.190435489999999596e+00
-4.215295399999998693e-01 4.603709719999999450e+00 2.421301879999999684e+00 2.857862510000000356e+00 4.845719000000000776e+00 2.394907459999999766e+00
-4.494387899999998659e-01 5.071572269999998994e+00 2.354055709999999912e+00 2.815938490000000183e+00 5.406817630000000818e+00 2.346120759999999805e+00
-4.940637199999997620e-01 5.211867679999999226e+00 2.289073869999999733e+00 2.777652049999999928e+00 5.668194579999999760e+00 2.242377700000000029e+00
-4.742263799999997254e-01 5.124816900000000786e+00 2.245574989999999715e+00 2.768049809999999944e+00 5.617811279999999741e+00 2.208197409999999916e+00
-4.346606499999996487e-01 4.988004149999998305e+00 2.195417219999999947e+00 2.796478650000000066e+00 5.489949949999999745e+00 2.178595810000000021e+00
-4.001193300000003283e-01 4.818981929999999636e+00 2.125041699999999700e+00 2.825254319999999986e+00 5.363546140000000406e+00 2.142518079999999880e+00
-3.736199999999998411e-01 4.627331540000000132e+00 2.050449509999999975e+00 2.852302810000000299e+00 5.168458250000000476e+00 2.093413850000000132e+00
-3.737988299999996933e-01 4.417281500000001415e+00 1.967425539999999806e+00 2.852646480000000206e+00 4.917618409999999329e+00 1.996786219999999945e+00
-3.666137699999998389e-01 4.235578609999999244e+00 1.870799779999999801e+00 2.870220559999999921e+00 4.621552740000000270e+00 1.849547229999999765e+00
-3.680902100000000843e-01 4.079337159999999685e+00 1.770796029999999854e+00 2.880199010000000115e+00 4.334682620000000597e+00 1.657857249999999949e+00
-3.697009299999995946e-01 3.894022219999998313e+00 1.617586269999999882e+00 2.875328780000000251e+00 4.093411869999998842e+00 1.427543109999999782e+00
-3.522821099999999817e-01 3.744746090000001359e+00 1.443582819999999822e+00 2.889688829999999875e+00 3.940509030000001189e+00 1.221402699999999841e+00
-3.326083400000001689e-01 3.627446289999999962e+00 1.244803619999999889e+00 2.912505490000000030e+00 3.824985349999998618e+00 1.014482039999999863e+00
-3.112698400000000198e-01 3.547253419999998769e+00 1.066458359999999939e+00 2.932618979999999986e+00 3.745207520000001011e+00 8.441823599999999095e-01
-2.950881999999999117e-01 3.490169680000001051e+00 9.377600899999998241e-01 2.943673020000000307e+00 3.696708989999999417e+00 7.144892099999999857e-01
-2.867086799999998270e-01 3.413579099999999755e+00 8.444184099999998416e-01 2.956019020000000275e+00 3.647847899999998589e+00 6.173583199999999049e-01
-2.781103600000003340e-01 3.339630129999999752e+00 7.968912499999998289e-01 2.971902730000000048e+00 3.598935550000000205e+00 5.369998199999999056e-01
-2.665386999999999063e-01 3.255242920000000595e+00 7.877982399999998719e-01 2.980784869999999920e+00 3.539689940000000590e+00 5.092488099999998852e-01
-2.813305699999997245e-01 3.181669919999999152e+00 8.330428299999999009e-01 2.981589690000000292e+00 3.461125489999998806e+00 5.985385199999997408e-01
-2.775372400000000184e-01 3.135490719999999953e+00 8.851663199999999510e-01 2.993005520000000086e+00 3.391406249999999289e+00 7.310874199999999323e-01
-2.821152399999999894e-01 3.075337620000000882e+00 9.677323352999999129e-01 3.001946030000000043e+00 3.337695310000000859e+00 9.031381299999998724e-01
-2.469131669999997669e-01 3.022204070000000797e+00 1.134258954599999925e+00 3.024258800000000136e+00 3.306756589999999107e+00 1.087352300000000049e+00
-2.350457800000000930e-01 3.003573000000001159e+00 1.378203929999999966e+00 3.027284080000000266e+00 3.317307129999999660e+00 1.296208119999999742e+00
-2.648757999999999946e-01 3.076699220000000068e+00 1.658025529999999970e+00 3.017796319999999977e+00 3.408682860000000758e+00 1.527820989999999934e+00
-2.823574900000003218e-01 3.314266360000001299e+00 2.006949579999999678e+00 3.007884980000000041e+00 3.612175289999999706e+00 1.787389689999999920e+00
-2.961248799999998127e-01 3.802905270000000115e+00 2.328688049999999787e+00 2.979655800000000188e+00 4.027182620000001378e+00 2.131844870000000114e+00
-3.408102499999996482e-01 4.425878910000001554e+00 2.460436709999999749e+00 2.942181090000000054e+00 4.656263430000000980e+00 2.389146959999999709e+00
-3.710018999999999956e-01 4.922829590000000977e+00 2.377000159999999696e+00 2.881837270000000117e+00 5.174416499999999530e+00 2.384630089999999925e+00
-4.221722500000000267e-01 5.102268069999999156e+00 2.256951560000000079e+00 2.789364470000000207e+00 5.256267090000001474e+00 2.251580929999999814e+00
-4.659640499999997409e-01 5.077249759999999057e+00 2.145720899999999709e+00 2.683929970000000331e+00 5.198801270000000585e+00 2.068267210000000134e+00
-4.961642500000000844e-01 4.973409419999999415e+00 2.042194369999999815e+00 2.699607540000000139e+00 5.147033690000000661e+00 1.949926699999999791e+00
-4.916604700000002381e-01 4.791735840000001190e+00 1.943054449999999989e+00 2.734069250000000117e+00 5.027628169999999841e+00 1.854221699999999862e+00
-4.867169199999996643e-01 4.605720220000000253e+00 1.847235219999999956e+00 2.750663600000000208e+00 4.870504149999998589e+00 1.761075269999999859e+00
-4.831286700000001488e-01 4.427853999999999957e+00 1.753572879999999889e+00 2.755615000000000148e+00 4.649420170000000851e+00 1.618983939999999899e+00
-4.660839899999995595e-01 4.198564450000001003e+00 1.604510899999999962e+00 2.767965690000000034e+00 4.410548100000001526e+00 1.442542290000000005e+00
-4.457131999999996985e-01 4.021929930000000653e+00 1.456954229999999795e+00 2.787488360000000220e+00 4.197131349999999372e+00 1.261139220000000005e+00
-4.362365800000000959e-01 3.875086669999999955e+00 1.320026739999999865e+00 2.790548209999999862e+00 4.041873780000001304e+00 1.109510729999999779e+00
-4.280087299999997263e-01 3.739310299999999643e+00 1.184336439999999824e+00 2.796111259999999987e+00 3.929447019999999569e+00 9.888732199999998862e-01
-4.190203900000000203e-01 3.632794190000000256e+00 1.052411729999999768e+00 2.814796709999999980e+00 3.842310790000000864e+00 8.714106799999998820e-01
-4.062252800000001329e-01 3.556328129999998922e+00 9.465859999999998164e-01 2.821569170000000071e+00 3.777265629999998708e+00 7.738098899999998892e-01
-4.006155399999999922e-01 3.460502930000000532e+00 8.443087799999998699e-01 2.830745850000000008e+00 3.703465579999999591e+00 6.619808999999998722e-01
-3.926022399999999912e-01 3.352336429999999368e+00 7.729915599999999110e-01 2.848333810000000188e+00 3.614749759999998702e+00 5.707756799999998965e-01
-3.740191699999999564e-01 3.253519289999999842e+00 7.650536399999999793e-01 2.873145860000000162e+00 3.512519529999998724e+00 5.200711799999997442e-01
-3.558419799999996691e-01 3.165664060000001001e+00 7.980885299999999072e-01 2.890174330000000236e+00 3.413885500000001016e+00 5.346266999999997882e-01
-3.313806200000000146e-01 3.089212649999998561e+00 8.505863999999998537e-01 2.914033770000000079e+00 3.318242190000001202e+00 5.761039799999998490e-01
-3.641237709999995964e-01 3.070889449999999243e+00 8.857614820999999417e-01 2.946483150000000162e+00 3.225786130000001251e+00 6.537205499999998448e-01
-3.490797089999997382e-01 3.027291359999999543e+00 9.915961056999998968e-01 2.974341010000000285e+00 3.157104489999998265e+00 7.908343499999999082e-01
-3.263209889999996172e-01 3.006395130000001359e+00 1.185170867099999858e+00 2.982915870000000247e+00 3.146669919999999010e+00 1.021352620000000044e+00
-3.283862300000000012e-01 3.029254149999999868e+00 1.528225599999999851e+00 2.941183539999999930e+00 3.260078129999998353e+00 1.368880309999999989e+00
-3.740942400000002444e-01 3.269941410000001270e+00 1.902065709999999799e+00 2.908533090000000154e+00 3.527210689999998650e+00 1.735237729999999923e+00
-4.152944999999998998e-01 3.688822019999999924e+00 2.245669369999999887e+00 2.865035279999999851e+00 3.925808110000000184e+00 2.084167099999999717e+00
-4.422457899999994169e-01 4.211256099999999947e+00 2.478056950000000036e+00 2.830148430000000381e+00 4.417968750000000000e+00 2.357510490000000125e+00
-4.898559599999998682e-01 4.733625489999999658e+00 2.568199920000000080e+00 2.766893570000000135e+00 4.943608400000000458e+00 2.516872479999999968e+00
-5.325863699999997536e-01 5.081906739999999090e+00 2.521957019999999883e+00 2.675356670000000214e+00 5.381690669999999344e+00 2.525333709999999954e+00
-5.822930900000002907e-01 5.258725590000000949e+00 2.428495869999999890e+00 2.592665039999999976e+00 5.666793209999999803e+00 2.445779270000000061e+00
-6.304226699999997408e-01 5.314329829999998367e+00 2.322215039999999675e+00 2.549603920000000024e+00 5.800672610000001228e+00 2.348474089999999848e+00
-6.750360099999994645e-01 5.275988770000001438e+00 2.232395559999999612e+00 2.532298540000000209e+00 5.781352540000000317e+00 2.255282629999999955e+00
-6.959320099999999343e-01 5.150283200000000505e+00 2.133872299999999722e+00 2.512382899999999974e+00 5.636485600000000318e+00 2.142427070000000100e+00
-6.991619899999994558e-01 4.922204590000001545e+00 1.998356459999999890e+00 2.494016750000000116e+00 5.330374759999999768e+00 1.950660859999999941e+00
-7.167260799999999321e-01 4.637268069999999298e+00 1.825350029999999846e+00 2.497748860000000182e+00 4.987741700000000833e+00 1.721194279999999965e+00
-7.116552800000000012e-01 4.385102540000000104e+00 1.654147479999999781e+00 2.506457790000000241e+00 4.655297849999998405e+00 1.476502479999999951e+00
-7.119494699999995291e-01 4.139534910000000067e+00 1.478942049999999897e+00 2.521404530000000310e+00 4.383533939999999518e+00 1.261503179999999835e+00
-7.027908399999995837e-01 3.855150150000000053e+00 1.239688879999999882e+00 2.535538970000000170e+00 4.116070560000000711e+00 1.029937519999999829e+00
-6.818597500000000977e-01 3.614194340000000949e+00 9.930333699999999153e-01 2.549537369999999914e+00 3.899453129999999490e+00 8.670714599999999050e-01
-6.501473999999998199e-01 3.440761719999999357e+00 7.965503699999998410e-01 2.582813580000000275e+00 3.722464600000000345e+00 7.467991699999998456e-01
-6.356277499999998248e-01 3.315557860000000190e+00 6.839904799999998453e-01 2.595215930000000171e+00 3.585187989999999658e+00 7.069397799999999066e-01
-6.122497599999996432e-01 3.251711430000000291e+00 6.959162899999999929e-01 2.597341399999999911e+00 3.509597169999999267e+00 7.526896699999998663e-01
-6.070645199999997743e-01 3.183089600000000630e+00 7.127146199999998544e-01 2.609704220000000241e+00 3.439802249999999617e+00 7.712396999999999725e-01
-6.014285300000001833e-01 3.113116460000000529e+00 7.047254199999999358e-01 2.602646560000000164e+00 3.381662600000000296e+00 7.763339299999999499e-01
-5.900396799999998443e-01 3.039642329999999504e+00 6.781553699999998130e-01 2.604067040000000333e+00 3.328508300000001086e+00 7.448764099999998223e-01
-5.798532100000000078e-01 2.943132330000000962e+00 6.057931499999997804e-01 2.606301130000000299e+00 3.283430179999999865e+00 6.759750399999999715e-01
-5.629129100000000996e-01 2.852224120000000696e+00 4.995195799999998520e-01 2.627792300000000303e+00 3.223090819999999468e+00 5.553442399999999335e-01
-5.345791699999997704e-01 2.756185300000000282e+00 3.459843499999999406e-01 2.645689480000000149e+00 3.151677250000000541e+00 3.926123099999996313e-01
-5.174478200000001138e-01 2.665693360000000567e+00 1.974130299999998783e-01 2.633874889999999969e+00 3.074890139999999050e+00 2.124517799999996459e-01
-5.041241499999995490e-01 2.573616939999999076e+00 9.387298999999971194e-02 2.625195480000000359e+00 2.985723880000000108e+00 3.781631999999990335e-02
-4.993722599999994571e-01 2.457597660000001127e+00 2.858169999999993216e-02 2.618582149999999942e+00 2.854361570000000015e+00 -1.244619700000002549e-01
-5.186587599999996634e-01 2.326322019999999213e+00 -2.271942000000004569e-02 2.610628890000000091e+00 2.705441900000000288e+00 -2.379189999999999916e-01
-5.324893199999998217e-01 2.204735110000001441e+00 -4.869369000000012271e-02 2.605435920000000127e+00 2.571110840000001119e+00 -3.039515700000001708e-01
-5.636923299999998527e-01 2.103515629999998637e+00 -3.532073999999996161e-02 2.581815530000000081e+00 2.470517580000000990e+00 -3.291212400000000926e-01
-5.902389599999997571e-01 2.019727780000000195e+00 -7.368010000000202453e-03 2.550873600000000074e+00 2.420510249999999530e+00 -3.154200700000000523e-01
-6.090972899999997914e-01 1.966086430000000718e+00 3.122710999999966930e-02 2.539390270000000172e+00 2.394783939999999944e+00 -2.730633500000001490e-01
-6.361599799999999583e-01 1.946590579999998738e+00 9.123244999999990945e-02 2.548478890000000163e+00 2.382536619999999772e+00 -2.051493800000001588e-01
-6.487967000000001150e-01 1.949326169999999081e+00 1.580018599999999385e-01 2.556062070000000297e+00 2.378735349999999471e+00 -1.349160700000002766e-01
-6.475869799999998122e-01 1.957769780000001347e+00 1.987991399999997633e-01 2.557639540000000267e+00 2.394006349999999728e+00 -8.018294999999997508e-02
-6.465921099999998312e-01 1.962117920000000737e+00 2.118348699999996754e-01 2.535243980000000175e+00 2.422939450000001216e+00 -4.912536000000033987e-02
-6.413104299999998759e-01 1.968067630000000179e+00 2.033665499999999238e-01 2.511414390000000108e+00 2.433859860000000097e+00 -3.544235000000028890e-02
-6.190911899999997914e-01 1.951037599999999372e+00 1.815190200000000864e-01 2.513426850000000101e+00 2.408378910000001483e+00 -3.030288000000025406e-02
-5.925067199999998202e-01 1.903686520000000826e+00 1.471876599999997204e-01 2.514496170000000141e+00 2.344160160000001270e+00 -4.999954000000017551e-02
-5.734359800000001783e-01 1.862597660000000488e+00 1.314607299999999146e-01 2.528223529999999997e+00 2.292871090000000223e+00 -7.575423999999997271e-02
-5.569534300000000826e-01 1.842894289999998492e+00 1.223583999999999783e-01 2.563103579999999937e+00 2.246362309999998530e+00 -1.123068200000001404e-01
