0.000000000000000000e+00 3.000000000000000000e+01 0.000000000000000000e+00 3.170479730000000274e+01 3.447954099999998334e+01 -8.616287000000006913e-01
-2.226715000000005773e-01 3.014670410000000800e+01 2.732192999999973892e-01 3.136640009999999990e+01 3.481986079999998651e+01 -8.210052000000018779e-01
-3.132476999999980194e-01 3.040570070000001124e+01 5.206130999999984965e-01 3.115095820000000160e+01 3.527785650000001283e+01 -8.285766000000016618e-01
-2.603301999999985128e-01 3.063529049999999643e+01 6.960525999999980229e-01 3.092203590000000091e+01 3.549406739999997740e+01 -9.454086000000039292e-01
-1.296493999999981384e-01 3.064364009999998473e+01 7.071319999999978734e-01 3.067721399999999932e+01 3.551246340000000146e+01 -1.137242100000001699e+00
1.312347000000002595e-01 3.057517090000000337e+01 5.673111000000012893e-01 3.058124460000000155e+01 3.550870360000001824e+01 -1.224821400000003280e+00
3.044356999999990876e-01 3.033105469999999571e+01 4.735870999999995945e-01 3.063916240000000002e+01 3.555982670000000212e+01 -1.284075900000001269e+00
3.944702000000006592e-01 2.999796140000000833e+01 3.665786999999980367e-01 3.064752040000000122e+01 3.537534180000000106e+01 -1.641360399999999942e+00
3.454788000000021952e-01 2.981658939999999802e+01 2.365997999999969181e-01 3.089635690000000068e+01 3.527135009999997806e+01 -1.883779900000003948e+00
2.906845000000011225e-01 2.992113039999998136e+01 1.871398999999982493e-01 3.107154840000000107e+01 3.510958250000001613e+01 -2.150262399999999019e+00
1.040619000000013727e-01 3.019215090000000146e+01 2.319289999999973872e-01 3.120822749999999957e+01 3.479902340000001004e+01 -2.418595899999999688e+00
-1.688537999999972783e-01 3.037757570000000840e+01 1.980071999999992727e-01 3.129612880000000175e+01 3.429708250000001613e+01 -2.666116300000002326e+00
-4.833328999999970677e-01 3.026910399999998447e+01 5.622409999999788965e-02 3.127367630000000176e+01 3.378370359999999550e+01 -2.923526000000002512e+00
-7.468353999999983728e-01 2.997142329999998367e+01 -1.912596999999998104e-01 3.112149810000000016e+01 3.317171629999998572e+01 -3.253726199999999125e+00
-9.500962000000008345e-01 2.943016360000001441e+01 -6.165039000000014369e-01 3.076660150000000016e+01 3.254368899999998632e+01 -3.487812800000000379e+00
-1.139955199999999280e+00 2.894941410000001270e+01 -9.748443000000008851e-01 3.050398249999999933e+01 3.159958499999999049e+01 -3.742759700000000578e+00
-1.348199499999999773e+00 2.857700199999999313e+01 -1.081086700000000178e+00 3.038603360000000109e+01 3.029787599999998804e+01 -3.923226899999999517e+00
-1.703196800000000621e+00 2.791661379999999326e+01 -1.015757700000001762e+00 3.014030070000000094e+01 2.891154790000000219e+01 -4.001330500000001678e+00
-2.262823499999996102e+00 2.677060550000000205e+01 -8.308975000000025091e-01 2.959827230000000142e+01 2.751990969999998526e+01 -4.065809600000001467e+00
-2.945687899999995807e+00 2.526488039999998136e+01 -8.755020000000008906e-01 2.887624699999999933e+01 2.600830080000000066e+01 -4.078958100000001252e+00
-3.697308399999997164e+00 2.365660399999998731e+01 -1.049092100000002858e+00 2.817879789999999929e+01 2.428778079999999306e+01 -3.977806100000002232e+00
-4.344491599999997788e+00 2.218930660000000898e+01 -1.183316000000001367e+00 2.767286530000000155e+01 2.240694579999998837e+01 -3.788978600000003638e+00
-5.149108900000001654e+00 2.067302250000000186e+01 -1.013949600000000117e+00 2.711471129999999974e+01 2.066152340000000720e+01 -3.111419700000002564e+00
-5.763973999999997488e+00 1.943957520000000727e+01 -3.084808000000016648e-01 2.651864330000000081e+01 1.925238039999999273e+01 -1.905954000000001258e+00
-6.365002499999999230e+00 1.840997320000001025e+01 7.779845999999999151e-01 2.591481990000000124e+01 1.815319829999999968e+01 -1.941177000000031683e-01
-6.964990300000000190e+00 1.773082279999999855e+01 2.711836299999998090e+00 2.528430270000000135e+01 1.758566899999999578e+01 2.388609299999998825e+00
-7.412320000000001130e+00 1.751057129999998097e+01 5.331896999999997888e+00 2.493694170000000199e+01 1.737327879999999425e+01 5.356635299999998878e+00
-7.645895399999997011e+00 1.789754640000001018e+01 8.480751799999998397e+00 2.479446280000000158e+01 1.780206299999998976e+01 8.650891899999997747e+00
-7.846945200000000398e+00 1.890327150000000245e+01 1.178493579999999952e+01 2.465988250000000193e+01 1.925212399999999491e+01 1.197964479999999909e+01
-7.871881099999995968e+00 2.084581299999999260e+01 1.526920759999999788e+01 2.449910979999999938e+01 2.177430420000000311e+01 1.546844919999999846e+01
-7.833581599999998701e+00 2.381890869999999438e+01 1.861741149999999934e+01 2.453590060000000150e+01 2.507380369999999914e+01 1.876878920000000051e+01
-7.760745299999996405e+00 2.742607419999998797e+01 2.129732899999999773e+01 2.477029990000000126e+01 2.875408939999999802e+01 2.145052759999999736e+01
-7.593722599999995992e+00 3.127312009999999987e+01 2.310052069999999702e+01 2.498762170000000182e+01 3.260269780000000139e+01 2.343803479999999695e+01
-7.370568899999994983e+00 3.481743159999999193e+01 2.413207630000000137e+01 2.535836899999999972e+01 3.619606930000000489e+01 2.474534380000000056e+01
-7.110760499999997819e+00 3.763844000000000278e+01 2.444680329999999913e+01 2.557022800000000018e+01 3.910678709999999114e+01 2.523602530000000144e+01
-6.792364499999997918e+00 3.919052739999997925e+01 2.397767719999999869e+01 2.586985010000000074e+01 4.112753910000000701e+01 2.512900549999999811e+01
-6.452828999999997706e+00 3.959321289999999749e+01 2.297905009999999848e+01 2.609138830000000198e+01 4.222941900000000714e+01 2.455311820000000012e+01
-6.013247700000000862e+00 3.915083010000000741e+01 2.175642930000000064e+01 2.638671659999999974e+01 4.256955569999999511e+01 2.368920179999999931e+01
-5.525463900000001871e+00 3.827905269999999405e+01 2.053432159999999840e+01 2.675883669999999981e+01 4.242008060000000569e+01 2.268041919999999934e+01
-5.025958299999999213e+00 3.712990719999999101e+01 1.913373909999999967e+01 2.711827429999999950e+01 4.167612309999998388e+01 2.140436180000000022e+01
-4.383041399999996202e+00 3.605356449999999313e+01 1.763127880000000047e+01 2.754360350000000324e+01 4.047808839999999009e+01 1.993861579999999734e+01
-3.712817400000002266e+00 3.504210209999999392e+01 1.612397939999999963e+01 2.800735770000000002e+01 3.917268070000000080e+01 1.854312449999999757e+01
-3.125619499999999107e+00 3.406562499999998295e+01 1.453358999999999845e+01 2.859245070000000055e+01 3.772135009999999511e+01 1.702135129999999918e+01
-2.693753099999998568e+00 3.333918459999998163e+01 1.304941829999999925e+01 2.910667610000000138e+01 3.655535890000001586e+01 1.568854319999999802e+01
-2.325494399999996631e+00 3.273282469999998057e+01 1.162732969999999888e+01 2.958965680000000020e+01 3.545844730000001732e+01 1.445910899999999799e+01
-2.113043300000001068e+00 3.219681399999998916e+01 1.043709569999999864e+01 2.984378120000000223e+01 3.422250980000001164e+01 1.313701819999999820e+01
-2.078027399999996305e+00 3.172282719999999756e+01 9.545796999999998533e+00 3.002606959999999958e+01 3.317497559999998202e+01 1.177044949999999801e+01
-2.102868700000001922e+00 3.127098390000000450e+01 8.929312199999998256e+00 3.010960310000000106e+01 3.228287349999999378e+01 1.063008959999999803e+01
-2.068981999999998322e+00 3.089880370000000198e+01 8.583484699999999634e+00 3.011711190000000116e+01 3.159013669999998797e+01 1.008139649999999854e+01
-2.129595999999999378e+00 3.049338379999998949e+01 8.750569199999999270e+00 3.003647529999999932e+01 3.107023929999999723e+01 1.021496129999999880e+01
-2.318856799999998941e+00 3.009990239999999062e+01 9.586342599999998271e+00 2.981294480000000036e+01 3.084591070000000457e+01 1.095288009999999979e+01
-2.653042599999999140e+00 2.979550779999999577e+01 1.084924549999999854e+01 2.957311440000000147e+01 3.099796140000000833e+01 1.214661409999999897e+01
-3.042666699999998059e+00 2.979445800000000588e+01 1.241019709999999776e+01 2.927614249999999885e+01 3.159842530000000238e+01 1.375777169999999927e+01
-3.402139300000001754e+00 3.009364009999998757e+01 1.416577609999999865e+01 2.894827080000000308e+01 3.249615479999999934e+01 1.537378749999999883e+01
-3.859140099999997631e+00 3.069691159999999286e+01 1.603050929999999852e+01 2.846388470000000126e+01 3.381618649999998638e+01 1.728130179999999783e+01
-4.216687099999997912e+00 3.184058840000000146e+01 1.785540349999999776e+01 2.812635420000000153e+01 3.534982909999999379e+01 1.905475089999999838e+01
-4.575933899999995447e+00 3.351744390000001772e+01 1.954736039999999875e+01 2.774910270000000168e+01 3.722587889999999788e+01 2.079782789999999792e+01
-4.850756900000000371e+00 3.553680420000000595e+01 2.087925070000000005e+01 2.743013420000000124e+01 3.947091070000001878e+01 2.226878130000000056e+01
-5.086544799999998645e+00 3.754682619999999815e+01 2.169142610000000104e+01 2.725830380000000019e+01 4.189978030000000331e+01 2.342185019999999795e+01
-5.274240199999997714e+00 3.924576419999999644e+01 2.203161779999999936e+01 2.694709890000000030e+01 4.402934569999999326e+01 2.384947090000000003e+01
-5.453402699999998049e+00 4.004151609999999550e+01 2.178871840000000049e+01 2.668715630000000161e+01 4.538742679999998586e+01 2.373295749999999771e+01
-5.567688000000000415e+00 4.006925049999998123e+01 2.123179739999999782e+01 2.657807750000000269e+01 4.567360840000000621e+01 2.318083349999999854e+01
-5.553704899999999611e+00 3.942694090000000529e+01 2.035805949999999953e+01 2.654769170000000145e+01 4.498193359999999075e+01 2.226329270000000093e+01
-5.395678699999997718e+00 3.858083500000000754e+01 1.941441769999999778e+01 2.668589449999999985e+01 4.389006349999999657e+01 2.133205909999999861e+01
-5.195871000000000350e+00 3.747233889999998269e+01 1.824526889999999923e+01 2.694376180000000076e+01 4.245557859999999550e+01 2.020727309999999832e+01
-4.990597599999997414e+00 3.631453860000002010e+01 1.683221309999999704e+01 2.721359780000000228e+01 4.081077880000000846e+01 1.879646329999999921e+01
-4.813980099999998430e+00 3.518675539999998136e+01 1.519406109999999899e+01 2.746502070000000018e+01 3.912298579999998083e+01 1.704453329999999767e+01
-4.629055799999999721e+00 3.413164059999999722e+01 1.333513949999999859e+01 2.759912110000000141e+01 3.730301509999998189e+01 1.478714429999999780e+01
-4.432174699999997358e+00 3.322551269999999590e+01 1.139163169999999781e+01 2.776862640000000226e+01 3.592415769999999497e+01 1.254717639999999790e+01
-4.221289099999996353e+00 3.233253170000000409e+01 9.133701399999999637e+00 2.793455349999999981e+01 3.483699949999999035e+01 1.024942169999999919e+01
-3.934970100000001025e+00 3.169710689999999431e+01 6.930908199999997521e+00 2.822786250000000052e+01 3.392567139999999881e+01 7.917760499999999979e+00
-3.653179999999998984e+00 3.130631099999999378e+01 5.031864999999998034e+00 2.853872790000000137e+01 3.314106449999999882e+01 5.712485499999999661e+00
-3.421936099999999925e+00 3.111148680000000866e+01 3.711439499999999114e+00 2.875701020000000341e+01 3.259893799999998976e+01 4.305772400000000388e+00
-3.334426900000000416e+00 3.089776610000001256e+01 3.275431799999998006e+00 2.895994180000000284e+01 3.208145749999999907e+01 3.803126599999998803e+00
-3.336993400000000776e+00 3.050683589999999867e+01 3.495809999999998752e+00 2.908236039999999889e+01 3.153939210000000060e+01 3.780334500000000375e+00
-3.356314099999998746e+00 3.004522710000000529e+01 3.994262699999998389e+00 2.903712039999999917e+01 3.101757810000000859e+01 4.255606099999999614e+00
-3.338897699999996860e+00 2.953833009999999604e+01 4.775191499999998257e+00 2.903081699999999898e+01 3.054311520000000257e+01 5.209762599999997690e+00
-3.295248499999999581e+00 2.926749269999999115e+01 6.446189899999998474e+00 2.890644070000000099e+01 3.007346189999999808e+01 6.917494999999998839e+00
-3.717724599999996826e+00 2.845351560000000291e+01 7.967406499999999170e+00 2.876691850000000272e+01 2.985694579999999121e+01 9.187618299999998683e+00
-4.033651799999997678e+00 2.838007810000000575e+01 1.055215529999999902e+01 2.858053620000000095e+01 3.018511960000000727e+01 1.180795059999999808e+01
-4.295788599999998070e+00 2.900281979999999749e+01 1.315066869999999888e+01 2.832313380000000080e+01 3.109488530000000139e+01 1.423250319999999824e+01
-4.437850999999994883e+00 3.021049809999999525e+01 1.543912529999999883e+01 2.804824860000000086e+01 3.269251710000000344e+01 1.664460889999999793e+01
-4.567108199999996287e+00 3.224798579999998083e+01 1.775014039999999937e+01 2.794693410000000000e+01 3.503922119999998586e+01 1.890183139999999895e+01
-4.777157599999998894e+00 3.505603030000000331e+01 1.969142129999999824e+01 2.772837600000000080e+01 3.823269039999999563e+01 2.085374759999999839e+01
-4.870694000000000301e+00 3.825649419999999168e+01 2.080375029999999725e+01 2.760986550000000150e+01 4.203211669999998890e+01 2.226385419999999726e+01
-5.069226099999998070e+00 4.109636230000000978e+01 2.102694359999999918e+01 2.722216260000000077e+01 4.552409670000000119e+01 2.257256659999999826e+01
-5.245916799999999824e+00 4.292781979999998043e+01 2.060001809999999978e+01 2.692300529999999981e+01 4.817395020000000727e+01 2.223271599999999637e+01
-5.348525999999999669e+00 4.384121089999999299e+01 1.993967989999999801e+01 2.674538719999999969e+01 4.981844479999998043e+01 2.153673329999999808e+01
-5.387216199999997457e+00 4.361955570000000648e+01 1.907130579999999753e+01 2.660408250000000052e+01 5.004714359999999829e+01 2.056875729999999791e+01
-5.207760700000001464e+00 4.256829829999998083e+01 1.806827939999999799e+01 2.661382310000000118e+01 4.924747320000000173e+01 1.958247189999999804e+01
-4.988287399999997263e+00 4.103907469999998625e+01 1.691656919999999786e+01 2.680790520000000043e+01 4.781530760000001123e+01 1.855226609999999710e+01
-4.736441099999996851e+00 3.958924559999999815e+01 1.572303909999999938e+01 2.708853979999999950e+01 4.603149419999999736e+01 1.746037829999999857e+01
-4.592379799999999790e+00 3.835184329999998454e+01 1.457764549999999915e+01 2.736505010000000127e+01 4.421146239999998784e+01 1.627663919999999820e+01
-4.397479300000000535e+00 3.735668949999998745e+01 1.333128929999999812e+01 2.775348740000000092e+01 4.231917730000000688e+01 1.493338419999999900e+01
-4.236676100000000389e+00 3.650333249999999907e+01 1.203952299999999909e+01 2.805388330000000252e+01 4.061029049999999074e+01 1.337589079999999875e+01
-4.114404299999996795e+00 3.572210690000000000e+01 1.078623429999999850e+01 2.813081890000000129e+01 3.901042480000000978e+01 1.155270729999999801e+01
-3.936471600000000848e+00 3.504312749999999710e+01 9.638496399999999298e+00 2.834457619999999878e+01 3.786894529999997872e+01 9.932199099999998282e+00
-3.779379300000002218e+00 3.433466799999999353e+01 8.500847699999999563e+00 2.858283950000000218e+01 3.689725339999998255e+01 8.270240799999998060e+00
-3.600384599999998159e+00 3.372489009999998189e+01 7.472952299999999326e+00 2.874293970000000087e+01 3.604713140000001204e+01 6.744053699999998486e+00
-3.407720999999998668e+00 3.317053219999999669e+01 6.720896199999998544e+00 2.886953079999999972e+01 3.531650389999998652e+01 5.198296399999998485e+00
-3.273532100000000611e+00 3.258924559999999815e+01 6.285994699999998048e+00 2.903980020000000195e+01 3.459166259999997806e+01 3.880342099999998240e+00
-3.053045699999998419e+00 3.206223149999999578e+01 6.305838799999998301e+00 2.920619429999999994e+01 3.395817869999999061e+01 3.146321099999999760e+00
-2.948294099999998252e+00 3.144642329999999220e+01 6.745369699999997692e+00 2.931253120000000223e+01 3.339504400000001283e+01 3.673202499999998594e+00
-2.997927899999996981e+00 3.078937989999998592e+01 7.587704499999999186e+00 2.936705890000000352e+01 3.295117189999999141e+01 5.055956299999998294e+00
-3.005023200000000116e+00 3.049594730000001164e+01 8.694802899999999113e+00 2.943275300000000172e+01 3.267419429999999636e+01 6.484222400000000164e+00
-2.992544599999998667e+00 3.050738530000000992e+01 1.032994849999999865e+01 2.953402970000000138e+01 3.275749509999999987e+01 8.592011999999998650e+00
-3.046270799999998502e+00 3.081907960000000912e+01 1.244773789999999813e+01 2.951575120000000041e+01 3.331777339999999299e+01 1.091762159999999859e+01
-3.145932000000001949e+00 3.157053220000000238e+01 1.469198499999999896e+01 2.948276400000000308e+01 3.442222899999998731e+01 1.341103669999999859e+01
-3.092709399999996833e+00 3.334584959999997977e+01 1.715664179999999917e+01 2.955290409999999923e+01 3.619362789999999563e+01 1.614492139999999765e+01
-3.049020399999996300e+00 3.610552979999999934e+01 1.967100130000000036e+01 2.960497320000000343e+01 3.870136719999999286e+01 1.880524329999999722e+01
-3.328936799999997476e+00 3.956022950000001970e+01 2.159706309999999974e+01 2.934947809999999890e+01 4.230522460000000251e+01 2.106103939999999852e+01
-3.585345500000002517e+00 4.299550779999998440e+01 2.234223439999999883e+01 2.908837199999999967e+01 4.637402339999999867e+01 2.230253339999999795e+01
-3.983374099999998919e+00 4.558132330000000820e+01 2.216132589999999780e+01 2.848423530000000170e+01 4.990408940000000371e+01 2.230067059999999657e+01
-4.288058500000001771e+00 4.726295170000000212e+01 2.151536329999999708e+01 2.810078620000000171e+01 5.258907469999999762e+01 2.167717209999999994e+01
-4.467449999999999477e+00 4.750198979999998983e+01 2.061554339999999996e+01 2.780948790000000059e+01 5.383194579999999974e+01 2.076493649999999747e+01
-4.484027099999998711e+00 4.673760989999999538e+01 1.958521539999999916e+01 2.770555680000000365e+01 5.362097169999998414e+01 1.979828469999999996e+01
-4.423773199999999406e+00 4.555969239999998877e+01 1.862171289999999857e+01 2.757907600000000059e+01 5.290632329999999683e+01 1.888289889999999716e+01
-4.222534199999998350e+00 4.403050539999998136e+01 1.752889009999999814e+01 2.770580819999999989e+01 5.142629400000001283e+01 1.805868590000000040e+01
-4.080758699999996963e+00 4.239592289999998798e+01 1.639042989999999733e+01 2.790226400000000240e+01 4.943167729999998983e+01 1.711710019999999943e+01
-3.917987100000001277e+00 4.097755129999998758e+01 1.521632829999999892e+01 2.821579429999999888e+01 4.704171139999999696e+01 1.596762629999999916e+01
-3.714782799999994722e+00 3.945242920000001163e+01 1.370468449999999905e+01 2.865533140000000145e+01 4.462275389999999220e+01 1.450995349999999817e+01
-3.521655299999999045e+00 3.811646729999998229e+01 1.210579989999999917e+01 2.887374989999999997e+01 4.236601559999999722e+01 1.265912059999999784e+01
-3.416702299999997194e+00 3.700479740000000106e+01 1.058297659999999851e+01 2.899051280000000119e+01 4.055633549999998877e+01 1.082825779999999938e+01
-3.300064100000000167e+00 3.605264890000000833e+01 9.056817699999998084e+00 2.911828270000000174e+01 3.906955569999999511e+01 8.937728899999997978e+00
-3.101718200000000536e+00 3.531456299999999260e+01 7.513811499999999199e+00 2.931221839999999901e+01 3.797236330000001203e+01 7.198656499999998459e+00
-2.925842299999999341e+00 3.481816410000001838e+01 6.300080899999997541e+00 2.940065110000000104e+01 3.723327639999999406e+01 5.899780299999997979e+00
-2.909814499999999526e+00 3.439561770000000251e+01 5.651751699999998380e+00 2.936629410000000107e+01 3.675487060000000383e+01 5.079793599999998577e+00
-3.033984399999997805e+00 3.386693119999998203e+01 5.365002499999999230e+00 2.936049500000000023e+01 3.629860840000000621e+01 4.537767099999998166e+00
-3.053082299999999805e+00 3.326912839999999960e+01 5.472746299999998953e+00 2.934826350000000161e+01 3.581744390000000067e+01 4.523474099999997833e+00
-3.081729199999998059e+00 3.264409179999999822e+01 5.931936699999999618e+00 2.931298670000000328e+01 3.528682860000000687e+01 5.245304899999998938e+00
-3.136651600000000428e+00 3.221536869999999908e+01 6.771112099999998080e+00 2.933513980000000032e+01 3.469664309999998864e+01 6.512190999999999619e+00
-3.167089899999997016e+00 3.212342530000000806e+01 8.263279699999998229e+00 2.944912260000000259e+01 3.431435550000000489e+01 8.325579099999998789e+00
-3.229867600000002170e+00 3.255529789999999934e+01 1.079340440000000001e+01 2.948841630000000080e+01 3.455576169999997660e+01 1.052402579999999865e+01
-3.441302499999995490e+00 3.347089840000001004e+01 1.323099599999999931e+01 2.944055360000000121e+01 3.541348880000001031e+01 1.284273259999999794e+01
-3.644946300000000861e+00 3.479741210000000251e+01 1.544320299999999868e+01 2.925739320000000276e+01 3.696838379999999802e+01 1.522339189999999931e+01
-3.776937899999996517e+00 3.698165280000000621e+01 1.789709809999999734e+01 2.913996690000000100e+01 3.936290280000000052e+01 1.762244189999999833e+01
-4.133679199999996001e+00 3.949594730000001164e+01 1.980166839999999695e+01 2.884709010000000262e+01 4.194984130000000278e+01 1.929185129999999759e+01
-4.428298999999999097e+00 4.182868650000000343e+01 2.073042609999999897e+01 2.861120329999999967e+01 4.469755860000000780e+01 2.045662789999999731e+01
-4.545471199999997935e+00 4.385812989999999445e+01 2.085825050000000047e+01 2.830136070000000359e+01 4.698603519999997502e+01 2.095195769999999769e+01
-4.646008300000001867e+00 4.521518559999998388e+01 2.051852779999999754e+01 2.801471060000000080e+01 4.885789800000000582e+01 2.097142569999999751e+01
-4.725680600000000453e+00 4.557419429999998783e+01 1.985890350000000026e+01 2.790098379999999878e+01 4.970947269999999207e+01 2.061493249999999833e+01
-4.682879699999997314e+00 4.537038580000000820e+01 1.910301549999999793e+01 2.785657460000000185e+01 4.949207759999998757e+01 1.996846489999999719e+01
-4.670693999999997459e+00 4.454641110000000026e+01 1.832471899999999820e+01 2.778455540000000212e+01 4.781608889999998269e+01 1.885775899999999794e+01
-4.730334499999997888e+00 4.308936769999999683e+01 1.734641789999999872e+01 2.784025000000000105e+01 4.597666019999999776e+01 1.764631529999999771e+01
-4.597201600000001775e+00 4.131605229999999551e+01 1.611217749999999782e+01 2.801599840000000086e+01 4.427611079999999788e+01 1.648830969999999851e+01
-4.354385399999998185e+00 3.980501710000001481e+01 1.477477209999999985e+01 2.810665700000000200e+01 4.275955809999999246e+01 1.525090409999999963e+01
-4.346066299999996829e+00 3.857081299999998691e+01 1.352757799999999833e+01 2.813895340000000189e+01 4.152851560000001996e+01 1.390466539999999895e+01
-4.291250599999997917e+00 3.755095220000001177e+01 1.213402289999999795e+01 2.819150160000000227e+01 4.025887449999999035e+01 1.215864219999999918e+01
-4.137551900000001837e+00 3.665596919999998704e+01 1.050287629999999872e+01 2.832377810000000196e+01 3.919948730000001547e+01 1.035278479999999846e+01
-3.971829299999996010e+00 3.596534420000000409e+01 8.869000999999999024e+00 2.848325570000000084e+01 3.847359620000000291e+01 8.953796399999998101e+00
-3.768704299999996010e+00 3.550062259999998560e+01 7.459922799999999299e+00 2.861243819999999971e+01 3.793631589999998255e+01 7.700280799999998038e+00
-3.617755200000001281e+00 3.519370119999999247e+01 6.439317299999999022e+00 2.875734520000000316e+01 3.750167239999998969e+01 6.491071299999999766e+00
-3.530630499999997340e+00 3.490256349999998520e+01 5.688269799999998710e+00 2.885343590000000091e+01 3.714296879999997714e+01 5.586054999999998216e+00
-3.416943399999997411e+00 3.456325680000000489e+01 5.424281299999998751e+00 2.904400520000000085e+01 3.682774659999998335e+01 4.948309399999999414e+00
-3.418609699999997531e+00 3.407569579999997700e+01 5.546904800000000080e+00 2.908691020000000194e+01 3.651160889999999881e+01 4.976734999999997910e+00
-3.483666999999996960e+00 3.348592529999999101e+01 6.080789999999998585e+00 2.896918940000000120e+01 3.616029050000000211e+01 6.077760299999999560e+00
-3.552658099999998598e+00 3.289879149999998731e+01 6.980097999999998137e+00 2.898572730000000064e+01 3.583101809999999432e+01 7.616059099999999304e+00
-3.594995199999999613e+00 3.256264649999999961e+01 8.384578699999998719e+00 2.895293610000000228e+01 3.573647459999997977e+01 9.535548399999997926e+00
-3.766772499999998303e+00 3.265549319999999511e+01 1.078686450000000008e+01 2.890086250000000234e+01 3.603950199999999882e+01 1.170960009999999940e+01
-3.875155700000000536e+00 3.335013430000000767e+01 1.327982939999999878e+01 2.881861909999999938e+01 3.685517580000001203e+01 1.388895499999999927e+01
-3.944912799999997333e+00 3.469754639999999313e+01 1.577366159999999873e+01 2.886569440000000242e+01 3.825362549999999828e+01 1.625825289999999868e+01
-3.996630899999999542e+00 3.738791499999999246e+01 1.870219200000000015e+01 2.901612890000000178e+01 4.042705079999998929e+01 1.856772529999999932e+01
-4.115252699999999209e+00 4.089481200000000172e+01 2.092262459999999891e+01 2.883710400000000362e+01 4.365344239999998877e+01 2.058266719999999950e+01
-4.181881799999999316e+00 4.478944089999998823e+01 2.192657589999999956e+01 2.863064340000000030e+01 4.774305419999998890e+01 2.186029359999999855e+01
-4.263873300000000199e+00 4.747150879999998097e+01 2.156685949999999963e+01 2.825566780000000122e+01 5.099515379999999709e+01 2.189280319999999946e+01
-4.463742099999997492e+00 4.909033200000001784e+01 2.079187619999999725e+01 2.793027990000000216e+01 5.337884520000000066e+01 2.140892489999999881e+01
-4.657788100000001208e+00 4.934451909999998520e+01 1.995433959999999729e+01 2.776557610000000054e+01 5.406494139999998083e+01 2.067172989999999899e+01
-4.846005299999998073e+00 4.820943600000001084e+01 1.912376229999999921e+01 2.753197510000000037e+01 5.336722409999998717e+01 1.977503510000000020e+01
-4.760592699999996569e+00 4.624866939999998294e+01 1.813176379999999810e+01 2.754196850000000296e+01 5.174903570000000741e+01 1.873873129999999776e+01
-4.506768799999999686e+00 4.440738530000001560e+01 1.714458189999999860e+01 2.763892090000000223e+01 5.022650149999998348e+01 1.791394809999999893e+01
-4.216592399999996132e+00 4.250368649999998638e+01 1.588873979999999797e+01 2.792377770000000226e+01 4.847285160000001270e+01 1.706738599999999906e+01
-3.911090099999995573e+00 4.098568119999998771e+01 1.463163359999999891e+01 2.824845230000000029e+01 4.673146969999999101e+01 1.611408259999999970e+01
-3.738629199999998320e+00 3.973872069999998757e+01 1.337627489999999852e+01 2.864871780000000001e+01 4.459738770000001296e+01 1.445259479999999996e+01
-3.703994800000000254e+00 3.841286619999999630e+01 1.191560629999999854e+01 2.870305780000000340e+01 4.234882810000001996e+01 1.211707539999999916e+01
-3.488784799999997688e+00 3.716022950000001401e+01 1.025104909999999769e+01 2.887486340000000240e+01 4.078383790000000886e+01 1.002612229999999904e+01
-3.171673599999998316e+00 3.618387450000000172e+01 8.501716599999998181e+00 2.916426200000000080e+01 3.961077879999999141e+01 8.303585099999999386e+00
-2.946588199999997215e+00 3.547292480000001547e+01 7.117855899999998570e+00 2.936389310000000208e+01 3.873870850000000132e+01 6.882350199999997642e+00
-2.847015400000000085e+00 3.488160399999998162e+01 6.309505499999998435e+00 2.942837220000000187e+01 3.802205810000000952e+01 5.893713399999999325e+00
-2.802807700000002455e+00 3.411992190000000846e+01 5.626562499999998579e+00 2.951427070000000086e+01 3.738015139999998837e+01 4.777613099999998170e+00
-2.752832099999995563e+00 3.340223389999999881e+01 5.027925099999997371e+00 2.965821950000000129e+01 3.671118160000000330e+01 3.868910199999998412e+00
-2.667208899999998550e+00 3.276181639999998652e+01 4.667172299999997165e+00 2.980216330000000013e+01 3.596591800000001626e+01 3.108056699999998784e+00
-2.329438949999996566e+00 3.348494399999998450e+01 4.610978129999999453e+00 2.990568000000000026e+01 3.510321049999998877e+01 2.790411399999998210e+00
-3.184088770000002455e+00 3.348830960000000800e+01 4.320735469999998912e+00 2.979679870000000363e+01 3.394583739999998784e+01 3.851058999999999344e+00
-3.810486609999998109e+00 3.271132660000000669e+01 5.482940799999999726e+00 2.970140299999999911e+01 3.300607909999999379e+01 5.648487899999999229e+00
-3.918921789999998850e+00 3.140866089999998678e+01 8.040879007999997441e+00 2.959553449999999941e+01 3.265223389999999881e+01 7.917823799999998968e+00
-3.229492199999999258e+00 3.097642820000000086e+01 1.171601219999999799e+01 2.958436430000000072e+01 3.306926269999999590e+01 1.077297819999999895e+01
-3.389794999999999447e+00 3.240709229999998797e+01 1.576067809999999803e+01 2.963648300000000191e+01 3.459779050000000211e+01 1.388012349999999806e+01
-3.615728799999999410e+00 3.548232419999999365e+01 1.923392450000000053e+01 2.937954780000000099e+01 3.739089359999999829e+01 1.730096370000000050e+01
-3.743484500000000992e+00 4.039823000000001230e+01 2.222337459999999965e+01 2.919476699999999880e+01 4.199614260000001309e+01 2.099023099999999786e+01
-4.181512499999996635e+00 4.503280029999999101e+01 2.352298889999999787e+01 2.866669190000000356e+01 4.699758299999999167e+01 2.319960059999999658e+01
-4.553634699999999924e+00 4.853356929999998215e+01 2.376738509999999849e+01 2.774384380000000050e+01 5.138227539999999749e+01 2.391429670000000129e+01
-5.062326099999996387e+00 5.058502200000000926e+01 2.350641710000000018e+01 2.701957280000000239e+01 5.426882330000000820e+01 2.367052389999999917e+01
-5.374035699999996751e+00 5.139128420000000119e+01 2.298535309999999754e+01 2.661144940000000148e+01 5.584416500000000383e+01 2.311364599999999925e+01
-5.627374299999999607e+00 5.162465819999999894e+01 2.239971320000000077e+01 2.646681590000000028e+01 5.674570310000001427e+01 2.245541189999999787e+01
-5.668994200000000205e+00 5.090589600000001269e+01 2.168224149999999639e+01 2.645411220000000085e+01 5.689614259999999035e+01 2.181016890000000075e+01
-5.562631299999999612e+00 4.912634280000000331e+01 2.077662429999999816e+01 2.654739760000000004e+01 5.504406739999998877e+01 2.083062669999999983e+01
-5.586090099999996283e+00 4.622358399999998824e+01 1.942061729999999997e+01 2.644774570000000224e+01 5.168233639999999696e+01 1.919905969999999940e+01
-5.653497399999999118e+00 4.364147950000000264e+01 1.796124689999999902e+01 2.656115660000000034e+01 4.854055180000000291e+01 1.758111849999999876e+01
-5.628198299999997545e+00 4.163994139999999788e+01 1.647177699999999945e+01 2.678844490000000178e+01 4.585799560000000952e+01 1.618581099999999751e+01
-5.643710399999999794e+00 3.989587399999999207e+01 1.494747009999999854e+01 2.687243530000000291e+01 4.373315429999999537e+01 1.474428499999999786e+01
-5.570886299999997959e+00 3.812191160000000423e+01 1.308610039999999941e+01 2.689997750000000210e+01 4.196268309999999246e+01 1.310603069999999803e+01
-5.457962099999999595e+00 3.674345700000000647e+01 1.132946779999999976e+01 2.700218690000000166e+01 4.036927489999999352e+01 1.118202819999999775e+01
-5.277526899999998022e+00 3.578939210000001481e+01 9.869585399999998288e+00 2.717948830000000271e+01 3.897727050000000304e+01 9.372457899999998787e+00
-5.047448799999997959e+00 3.509245609999999260e+01 8.777184299999998274e+00 2.741440850000000040e+01 3.781789549999999167e+01 7.934199499999998295e+00
-4.866134699999999924e+00 3.456798100000000318e+01 8.304104599999998726e+00 2.762357899999999944e+01 3.689344479999999749e+01 6.840979799999999500e+00
-4.822869899999997045e+00 3.384422610000001441e+01 7.974774999999999281e+00 2.767327300000000179e+01 3.622816159999999286e+01 6.150798099999999380e+00
-4.824453800000000570e+00 3.290552979999999650e+01 7.649993199999999050e+00 2.768462600000000151e+01 3.567635500000000093e+01 5.706542999999998145e+00
-4.667065499999996092e+00 3.214245610000000397e+01 7.520405599999998358e+00 2.784990760000000165e+01 3.495507810000000859e+01 5.325670599999998700e+00
-4.510791100000002274e+00 3.144117430000000013e+01 7.655345199999999295e+00 2.804168390000000244e+01 3.409876710000000344e+01 5.546076199999998124e+00
-4.270266799999998142e+00 3.101110840000001190e+01 8.385226499999998140e+00 2.828273880000000062e+01 3.327398680000001718e+01 6.386858399999999492e+00
-4.240942400000001555e+00 3.077410890000000165e+01 9.920059999999999434e+00 2.840018120000000224e+01 3.263692629999999895e+01 8.446164699999998859e+00
-4.280865500000000878e+00 3.099095460000000912e+01 1.205505559999999932e+01 2.848690450000000141e+01 3.264204099999999187e+01 1.109573789999999960e+01
-4.383660899999995308e+00 3.178186039999999934e+01 1.461285959999999839e+01 2.854531360000000006e+01 3.358690189999998665e+01 1.380146299999999826e+01
-4.305526799999995546e+00 3.351165770000000066e+01 1.771958169999999910e+01 2.862948450000000022e+01 3.555361329999999498e+01 1.654506939999999915e+01
-4.187545799999998763e+00 3.626590579999998454e+01 2.069189300000000031e+01 2.867492290000000210e+01 3.864658199999999511e+01 1.949522799999999734e+01
-4.081927499999995490e+00 4.070869139999999220e+01 2.326198009999999883e+01 2.869620470000000267e+01 4.310382079999999405e+01 2.202993319999999855e+01
-4.384478800000000120e+00 4.557081299999998691e+01 2.430812079999999753e+01 2.837054290000000023e+01 4.832022710000001098e+01 2.355202560000000034e+01
-4.845483399999995555e+00 5.013830569999998943e+01 2.410189439999999905e+01 2.777385290000000140e+01 5.328597410000000423e+01 2.358528249999999815e+01
-5.467401199999997630e+00 5.329654540000001361e+01 2.284049949999999995e+01 2.697885550000000165e+01 5.785976560000000291e+01 2.243445779999999701e+01
-5.837707600000001662e+00 5.445806890000000067e+01 2.154487539999999868e+01 2.656009500000000045e+01 6.029361570000000370e+01 2.094485439999999699e+01
-6.034045399999996562e+00 5.360145259999998757e+01 2.075463369999999941e+01 2.621126339999999999e+01 6.047354740000000106e+01 2.013735769999999903e+01
-5.791479499999997671e+00 5.166208499999999049e+01 2.010707269999999980e+01 2.627403580000000005e+01 5.921611329999998929e+01 1.995128959999999907e+01
-5.770819100000000645e+00 4.952443850000000225e+01 1.952208289999999735e+01 2.611280879999999982e+01 5.722651369999999815e+01 1.980366729999999720e+01
-5.686871399999997578e+00 4.722631839999999670e+01 1.879264320000000055e+01 2.629846700000000226e+01 5.479156500000001984e+01 1.969182739999999754e+01
-5.814007599999996501e+00 4.492407230000000595e+01 1.766559930000000023e+01 2.639903200000000183e+01 5.188282469999998625e+01 1.911276499999999956e+01
-6.000534099999999427e+00 4.316680909999999471e+01 1.661841539999999995e+01 2.630911770000000161e+01 4.912060550000001058e+01 1.803130499999999969e+01
-6.027429199999996712e+00 4.195445559999998864e+01 1.560673179999999860e+01 2.653649190000000146e+01 4.657669680000000767e+01 1.669504339999999942e+01
-6.011770699999999579e+00 4.075103759999998942e+01 1.437418999999999869e+01 2.662600670000000136e+01 4.453962400000000343e+01 1.529161269999999817e+01
-5.857235799999997994e+00 3.959694830000000820e+01 1.292130169999999900e+01 2.684154580000000223e+01 4.243278809999998202e+01 1.335818029999999901e+01
-5.637527500000000913e+00 3.858244629999998665e+01 1.138733749999999922e+01 2.702760849999999948e+01 4.070588379999998097e+01 1.125630039999999887e+01
-5.421078500000000133e+00 3.766440430000000106e+01 9.889689699999998140e+00 2.725769800000000131e+01 3.922084959999997977e+01 9.130464999999999165e+00
-5.177407899999998619e+00 3.698997799999997937e+01 9.029355599999998816e+00 2.746098290000000119e+01 3.806781010000000265e+01 7.382039699999999982e+00
-4.930764799999998615e+00 3.607077639999999974e+01 8.382083199999998513e+00 2.757183220000000290e+01 3.737124020000001678e+01 5.940933999999998605e+00
-4.715643299999999982e+00 3.481453860000002010e+01 7.705631299999998518e+00 2.781163100000000199e+01 3.656218259999999987e+01 4.956938199999997963e+00
-4.423834299999999331e+00 3.366669919999998228e+01 7.460232599999997660e+00 2.809477689999999939e+01 3.572790530000000331e+01 4.685267699999998925e+00
-4.148623699999998138e+00 3.251098630000001322e+01 7.611460899999999086e+00 2.841500160000000363e+01 3.472130129999999326e+01 5.109836599999999507e+00
-4.241497799999997653e+00 3.168114009999999325e+01 8.288277499999999520e+00 2.863208960000000047e+01 3.384238279999999577e+01 5.670436099999998092e+00
-4.194808999999999344e+00 3.095010990000000106e+01 9.114984199999998538e+00 2.865441700000000225e+01 3.310541989999998691e+01 6.561737799999997733e+00
-3.898870899999998585e+00 3.042869869999998400e+01 1.048717429999999950e+01 2.874632600000000338e+01 3.251523439999999709e+01 8.169551899999998312e+00
-3.841961699999998814e+00 3.057346189999999808e+01 1.303781359999999978e+01 2.896674840000000017e+01 3.246607670000000212e+01 1.083177259999999897e+01
-3.980847199999999475e+00 3.194107669999999644e+01 1.611622719999999731e+01 2.905502320000000083e+01 3.372365719999999101e+01 1.449187149999999846e+01
-4.115811199999996006e+00 3.458181149999998638e+01 1.922617379999999798e+01 2.892179330000000093e+01 3.699654540000000225e+01 1.858260389999999873e+01
-4.096643100000001425e+00 3.936944579999999405e+01 2.256390760000000029e+01 2.875794410000000312e+01 4.171960450000000264e+01 2.190435489999999774e+01
-4.215295399999998693e+00 4.603709719999997674e+01 2.421301880000000040e+01 2.857862510000000356e+01 4.845718999999999710e+01 2.394907459999999944e+01
-4.494387899999999547e+00 5.071572269999998639e+01 2.354055710000000090e+01 2.815938489999999916e+01 5.406817630000000463e+01 2.346120759999999805e+01
-4.940637199999997620e+00 5.211867680000000291e+01 2.289073869999999999e+01 2.777652050000000017e+01 5.668194579999999405e+01 2.242377700000000118e+01
-4.742263799999996365e+00 5.124816899999999009e+01 2.245574990000000071e+01 2.768049810000000122e+01 5.617811280000000806e+01 2.208197409999999650e+01
-4.346606499999996487e+00 4.988004149999997594e+01 2.195417219999999858e+01 2.796478650000000243e+01 5.489949949999999035e+01 2.178595809999999844e+01
-4.001193300000000619e+00 4.818981929999998215e+01 2.125041699999999878e+01 2.825254320000000163e+01 5.363546139999999696e+01 2.142518079999999969e+01
-3.736199999999996635e+00 4.627331540000000132e+01 2.050449509999999975e+01 2.852302810000000122e+01 5.168458250000000476e+01 2.093413849999999954e+01
-3.737988299999997821e+00 4.417281500000001415e+01 1.967425539999999984e+01 2.852646479999999940e+01 4.917618410000000040e+01 1.996786219999999901e+01
-3.666137699999996613e+00 4.235578609999998889e+01 1.870799779999999757e+01 2.870220559999999921e+01 4.621552739999998494e+01 1.849547229999999942e+01
-3.680902099999997290e+00 4.079337160000000040e+01 1.770796029999999988e+01 2.880199010000000115e+01 4.334682620000000952e+01 1.657857249999999993e+01
-3.697009299999997722e+00 3.894022219999999379e+01 1.617586269999999971e+01 2.875328780000000251e+01 4.093411869999999908e+01 1.427543109999999871e+01
-3.522821100000001593e+00 3.744746090000001004e+01 1.443582819999999955e+01 2.889688830000000053e+01 3.940509030000001189e+01 1.221402699999999797e+01
-3.326083400000001689e+00 3.627446290000000317e+01 1.244803619999999889e+01 2.912505490000000208e+01 3.824985350000000039e+01 1.014482039999999863e+01
-3.112698399999999310e+00 3.547253419999998414e+01 1.066458359999999850e+01 2.932618980000000164e+01 3.745207519999999590e+01 8.441823599999999317e+00
-2.950881999999996452e+00 3.490169679999999630e+01 9.377600899999997353e+00 2.943673019999999951e+01 3.696708989999999062e+01 7.144892099999999857e+00
-2.867086799999999158e+00 3.413579099999998334e+01 8.444184099999999304e+00 2.956019020000000097e+01 3.647847899999999299e+01 6.173583199999997717e+00
-2.781103600000001563e+00 3.339630130000000463e+01 7.968912499999998289e+00 2.971902730000000048e+01 3.598935550000001626e+01 5.369998199999997723e+00
-2.665386999999999063e+00 3.255242920000000595e+01 7.877982399999998719e+00 2.980784870000000097e+01 3.539689939999999524e+01 5.092488099999998852e+00
-2.813305699999997245e+00 3.181669919999998797e+01 8.330428299999999453e+00 2.981589690000000203e+01 3.461125489999997740e+01 5.985385199999997852e+00
-2.775372399999998407e+00 3.135490719999999953e+01 8.851663199999999065e+00 2.993005520000000175e+01 3.391406250000000000e+01 7.310874199999998879e+00
-2.821152400000002558e+00 3.075337619999999106e+01 9.677323352999998463e+00 3.001946030000000221e+01 3.337695310000000859e+01 9.031381299999999612e+00
-2.469131669999995893e+00 3.022204069999999376e+01 1.134258954599999925e+01 3.024258800000000136e+01 3.306756590000000529e+01 1.087352299999999872e+01
-2.350457800000000930e+00 3.003573000000000093e+01 1.378203929999999922e+01 3.027284080000000088e+01 3.317307129999997528e+01 1.296208119999999830e+01
-2.648758000000000834e+00 3.076699220000000423e+01 1.658025529999999748e+01 3.017796320000000065e+01 3.408682860000001824e+01 1.527820989999999846e+01
-2.823574900000000554e+00 3.314266360000002010e+01 2.006949579999999855e+01 3.007884980000000041e+01 3.612175289999998995e+01 1.787389689999999831e+01
-2.961248799999999903e+00 3.802905269999999405e+01 2.328688049999999876e+01 2.979655800000000099e+01 4.027182619999999247e+01 2.131844869999999759e+01
-3.408102499999998258e+00 4.425878910000000133e+01 2.460436709999999749e+01 2.942181090000000054e+01 4.656263430000001335e+01 2.389146960000000064e+01
-3.710019000000002620e+00 4.922829590000000621e+01 2.377000160000000051e+01 2.881837270000000117e+01 5.174416499999998109e+01 2.384630089999999925e+01
-4.221722499999998490e+00 5.102268069999999511e+01 2.256951559999999901e+01 2.789364470000000296e+01 5.256267090000000053e+01 2.251580930000000080e+01
-4.659640499999994745e+00 5.077249759999997991e+01 2.145720899999999887e+01 2.683929970000000154e+01 5.198801270000001296e+01 2.068267209999999778e+01
-4.961642499999999956e+00 4.973409419999998704e+01 2.042194369999999992e+01 2.699607540000000228e+01 5.147033690000000661e+01 1.949926699999999968e+01
-4.916604700000000605e+00 4.791735840000001190e+01 1.943054449999999989e+01 2.734069250000000295e+01 5.027628169999999841e+01 1.854221699999999728e+01
-4.867169199999995755e+00 4.605720220000000609e+01 1.847235219999999956e+01 2.750663600000000031e+01 4.870504149999999299e+01 1.761075269999999904e+01
-4.831286699999999712e+00 4.427853999999999246e+01 1.753572879999999756e+01 2.755615000000000236e+01 4.649420169999999075e+01 1.618983940000000032e+01
-4.660839899999999147e+00 4.198564450000000647e+01 1.604510900000000007e+01 2.767965690000000123e+01 4.410548099999999749e+01 1.442542289999999916e+01
-4.457131999999997873e+00 4.021929930000001718e+01 1.456954229999999839e+01 2.787488360000000043e+01 4.197131349999997951e+01 1.261139219999999916e+01
-4.362365799999999183e+00 3.875086669999998890e+01 1.320026739999999776e+01 2.790548210000000040e+01 4.041873780000000238e+01 1.109510729999999867e+01
-4.280087299999998152e+00 3.739310299999999643e+01 1.184336439999999868e+01 2.796111259999999987e+01 3.929447020000000634e+01 9.888732199999999750e+00
-4.190203900000000203e+00 3.632794189999998480e+01 1.052411729999999856e+01 2.814796710000000246e+01 3.842310790000001930e+01 8.714106799999997932e+00
-4.062252799999999553e+00 3.556328129999999987e+01 9.465859999999999275e+00 2.821569170000000071e+01 3.777265629999999419e+01 7.738098899999998892e+00
-4.006155400000000810e+00 3.460502929999998400e+01 8.443087799999998921e+00 2.830745850000000274e+01 3.703465579999999591e+01 6.619808999999998278e+00
-3.926022400000000800e+00 3.352336429999999723e+01 7.729915599999998221e+00 2.848333810000000099e+01 3.614749759999997991e+01 5.707756799999998520e+00
-3.740191699999996899e+00 3.253519289999998421e+01 7.650536400000000015e+00 2.873145860000000340e+01 3.512519530000000145e+01 5.200711799999998775e+00
-3.558419799999995803e+00 3.165664060000000291e+01 7.980885299999998850e+00 2.890174329999999969e+01 3.413885500000000661e+01 5.346266999999997438e+00
-3.313806200000001922e+00 3.089212649999998916e+01 8.505863999999998981e+00 2.914033770000000345e+01 3.318242190000000846e+01 5.761039799999998934e+00
-3.641237709999998629e+00 3.070889449999998533e+01 8.857614820999998528e+00 2.946483150000000251e+01 3.225786130000000185e+01 6.537205499999998892e+00
-3.490797089999997382e+00 3.027291359999998122e+01 9.915961056999998746e+00 2.974341010000000196e+01 3.157104489999998975e+01 7.908343499999999082e+00
-3.263209889999998836e+00 3.006395129999999938e+01 1.185170867099999903e+01 2.982915870000000069e+01 3.146669919999999365e+01 1.021352619999999867e+01
-3.283862299999999124e+00 3.029254149999998447e+01 1.528225599999999851e+01 2.941183540000000107e+01 3.260078129999999419e+01 1.368880309999999945e+01
-3.740942400000001555e+00 3.269941410000001270e+01 1.902065709999999754e+01 2.908533090000000243e+01 3.527210689999998294e+01 1.735237729999999701e+01
-4.152945000000002551e+00 3.688822020000000634e+01 2.245669369999999887e+01 2.865035280000000029e+01 3.925808109999999829e+01 2.084167099999999806e+01
-4.422457899999997721e+00 4.211256099999999947e+01 2.478056949999999858e+01 2.830148430000000204e+01 4.417968750000000000e+01 2.357510489999999947e+01
-4.898559599999998682e+00 4.733625490000000013e+01 2.568199919999999992e+01 2.766893570000000224e+01 4.943608399999999392e+01 2.516872479999999968e+01
-5.325863699999999312e+00 5.081906739999999445e+01 2.521957019999999972e+01 2.675356670000000037e+01 5.381690670000000409e+01 2.525333709999999598e+01
-5.822930900000002907e+00 5.258725590000000238e+01 2.428495869999999712e+01 2.592665039999999976e+01 5.666793210000000158e+01 2.445779269999999883e+01
-6.304226700000000960e+00 5.314329829999999788e+01 2.322215039999999675e+01 2.549603920000000201e+01 5.800672610000000873e+01 2.348474089999999848e+01
-6.750360099999994645e+00 5.275988770000000727e+01 2.232395559999999790e+01 2.532298540000000031e+01 5.781352540000000317e+01 2.255282629999999955e+01
-6.959320099999999343e+00 5.150283200000001216e+01 2.133872299999999811e+01 2.512382900000000063e+01 5.636485600000000318e+01 2.142427069999999745e+01
-6.991619899999996335e+00 4.922204590000001190e+01 1.998356459999999757e+01 2.494016750000000116e+01 5.330374759999997991e+01 1.950660859999999985e+01
-7.167260799999997545e+00 4.637268069999998943e+01 1.825350029999999890e+01 2.497748860000000093e+01 4.987741700000000833e+01 1.721194279999999921e+01
-7.116552800000000900e+00 4.385102539999999749e+01 1.654147479999999959e+01 2.506457789999999974e+01 4.655297849999999471e+01 1.476502479999999906e+01
-7.119494699999997067e+00 4.139534910000000423e+01 1.478942049999999853e+01 2.521404530000000221e+01 4.383533939999998097e+01 1.261503179999999880e+01
-7.027908399999997613e+00 3.855150150000000053e+01 1.239688879999999926e+01 2.535538969999999992e+01 4.116070560000000000e+01 1.029937520000000006e+01
-6.818597499999999201e+00 3.614194340000000238e+01 9.930333699999998487e+00 2.549537370000000180e+01 3.899453129999997714e+01 8.670714599999998384e+00
-6.501473999999998199e+00 3.440761720000000423e+01 7.965503699999999299e+00 2.582813580000000186e+01 3.722464600000000701e+01 7.467991699999998900e+00
-6.356277500000000913e+00 3.315557860000001256e+01 6.839904799999999341e+00 2.595215930000000171e+01 3.585187990000000013e+01 7.069397799999999066e+00
-6.122497599999999096e+00 3.251711430000000291e+01 6.959162899999999041e+00 2.597341400000000178e+01 3.509597169999997845e+01 7.526896699999998219e+00
-6.070645199999997743e+00 3.183089599999999564e+01 7.127146199999998544e+00 2.609704220000000063e+01 3.439802249999999617e+01 7.712396999999999281e+00
-6.014285300000000944e+00 3.113116460000000529e+01 7.047254199999997581e+00 2.602646560000000164e+01 3.381662599999998520e+01 7.763339299999998389e+00
-5.900396799999999331e+00 3.039642329999998083e+01 6.781553699999998130e+00 2.604067039999999977e+01 3.328508300000001441e+01 7.448764099999998223e+00
-5.798532100000002742e+00 2.943132330000000252e+01 6.057931499999998692e+00 2.606301129999999944e+01 3.283430179999999154e+01 6.759750399999999715e+00
-5.629129100000000108e+00 2.852224119999999630e+01 4.995195799999997632e+00 2.627792300000000125e+01 3.223090819999998757e+01 5.553442399999999779e+00
-5.345791699999995927e+00 2.756185299999998506e+01 3.459843499999998073e+00 2.645689480000000060e+01 3.151677250000000186e+01 3.926123099999998090e+00
-5.174478199999999362e+00 2.665693360000000212e+01 1.974130299999998783e+00 2.633874890000000235e+01 3.074890139999999406e+01 2.124517799999997791e+00
-5.041241499999998155e+00 2.573616939999999431e+01 9.387298999999984517e-01 2.625195480000000003e+01 2.985723880000000463e+01 3.781631999999994775e-01
-4.993722599999998124e+00 2.457597660000000417e+01 2.858169999999979893e-01 2.618582150000000297e+01 2.854361570000000370e+01 -1.244619700000001217e+00
-5.186587599999995746e+00 2.326322019999999213e+01 -2.271941999999995687e-01 2.610628890000000268e+01 2.705441899999999578e+01 -2.379190000000001248e+00
-5.324893199999998217e+00 2.204735110000001441e+01 -4.869368999999998948e-01 2.605435920000000038e+01 2.571110840000000053e+01 -3.039515700000002596e+00
-5.636923299999995862e+00 2.103515629999998282e+01 -3.532073999999987279e-01 2.581815530000000081e+01 2.470517580000000635e+01 -3.291212400000002702e+00
-5.902389599999999348e+00 2.019727779999999484e+01 -7.368010000000069226e-02 2.550873600000000252e+01 2.420510249999999530e+01 -3.154200700000000523e+00
-6.090972899999997026e+00 1.966086430000000007e+01 3.122710999999966930e-01 2.539390270000000172e+01 2.394783939999999234e+01 -2.730633500000003266e+00
-6.361599800000000471e+00 1.946590579999998738e+01 9.123245000000004268e-01 2.548478890000000163e+01 2.382536620000000482e+01 -2.051493799999999368e+00
-6.487966999999997597e+00 1.949326169999999081e+01 1.580018599999998941e+00 2.556062070000000119e+01 2.378735349999999471e+01 -1.349160700000002322e+00
-6.475869799999998122e+00 1.957769780000000992e+01 1.987991399999998521e+00 2.557639540000000267e+01 2.394006349999999372e+01 -8.018295000000001949e-01
-6.465921099999999200e+00 1.962117920000000026e+01 2.118348699999998530e+00 2.535243980000000263e+01 2.422939450000001216e+01 -4.912536000000038428e-01
-6.413104300000000535e+00 1.968067630000000179e+01 2.033665499999999682e+00 2.511414390000000196e+01 2.433859859999999742e+01 -3.544235000000028890e-01
-6.190911899999999690e+00 1.951037599999999372e+01 1.815190199999999976e+00 2.513426850000000101e+01 2.408378910000000417e+01 -3.030288000000034287e-01
-5.925067199999997314e+00 1.903686520000000826e+01 1.471876599999998092e+00 2.514496169999999964e+01 2.344160160000001270e+01 -4.999953999999995347e-01
-5.734359800000000007e+00 1.862597660000000133e+01 1.314607299999998702e+00 2.528223529999999997e+01 2.292871089999999867e+01 -7.575424000000019475e-01
-5.569534300000000826e+00 1.842894289999998136e+01 1.223583999999998895e+00 2.563103579999999937e+01 2.246362309999999241e+01 -1.123068200000002292e+00
