2.350067440000000119e+00 -6.505522459999999896e+00 1.748689119999999875e+00
2.564353154285714531e+00 -6.505522459999999896e+00 1.748689119999999875e+00
2.778638868571428500e+00 -6.505522459999999896e+00 1.748689119999999875e+00
2.992924582857142912e+00 -6.505522459999999896e+00 1.748689119999999875e+00
3.207210297142857325e+00 -6.505522459999999896e+00 1.748689119999999875e+00
3.421496011428571293e+00 -6.505522459999999896e+00 1.748689119999999875e+00
3.635781725714285706e+00 -6.505522459999999896e+00 1.748689119999999875e+00
3.850067440000000119e+00 -6.505522459999999896e+00 1.748689119999999875e+00
4.064353154285714531e+00 -6.505522459999999896e+00 1.748689119999999875e+00
4.278638868571428944e+00 -6.505522459999999896e+00 1.748689119999999875e+00
4.492924582857142468e+00 -6.505522459999999896e+00 1.748689119999999875e+00
4.707210297142857769e+00 -6.505522459999999896e+00 1.748689119999999875e+00
4.921496011428571293e+00 -6.505522459999999896e+00 1.748689119999999875e+00
5.135781725714285706e+00 -6.505522459999999896e+00 1.748689119999999875e+00
5.350067440000000119e+00 -6.505522459999999896e+00 1.748689119999999875e+00
2.350067440000000119e+00 -6.719808174285713420e+00 1.748689119999999875e+00
2.564353154285714531e+00 -6.719808174285713420e+00 1.748689119999999875e+00
2.778638868571428500e+00 -6.719808174285713420e+00 1.748689119999999875e+00
2.992924582857142912e+00 -6.719808174285713420e+00 1.748689119999999875e+00
3.207210297142857325e+00 -6.719808174285713420e+00 1.748689119999999875e+00
3.421496011428571293e+00 -6.719808174285713420e+00 1.748689119999999875e+00
3.635781725714285706e+00 -6.719808174285713420e+00 1.748689119999999875e+00
3.850067440000000119e+00 -6.719808174285713420e+00 1.748689119999999875e+00
4.064353154285714531e+00 -6.719808174285713420e+00 1.748689119999999875e+00
4.278638868571428944e+00 -6.719808174285713420e+00 1.748689119999999875e+00
4.492924582857142468e+00 -6.719808174285713420e+00 1.748689119999999875e+00
4.707210297142857769e+00 -6.719808174285713420e+00 1.748689119999999875e+00
4.921496011428571293e+00 -6.719808174285713420e+00 1.748689119999999875e+00
5.135781725714285706e+00 -6.719808174285713420e+00 1.748689119999999875e+00
5.350067440000000119e+00 -6.719808174285713420e+00 1.748689119999999875e+00
2.350067440000000119e+00 -6.934093888571428721e+00 1.748689119999999875e+00
2.564353154285714531e+00 -6.934093888571428721e+00 1.748689119999999875e+00
2.778638868571428500e+00 -6.934093888571428721e+00 1.748689119999999875e+00
2.992924582857142912e+00 -6.934093888571428721e+00 1.748689119999999875e+00
3.207210297142857325e+00 -6.934093888571428721e+00 1.748689119999999875e+00
3.421496011428571293e+00 -6.934093888571428721e+00 1.748689119999999875e+00
3.635781725714285706e+00 -6.934093888571428721e+00 1.748689119999999875e+00
3.850067440000000119e+00 -6.934093888571428721e+00 1.748689119999999875e+00
4.064353154285714531e+00 -6.934093888571428721e+00 1.748689119999999875e+00
4.278638868571428944e+00 -6.934093888571428721e+00 1.748689119999999875e+00
4.492924582857142468e+00 -6.934093888571428721e+00 1.748689119999999875e+00
4.707210297142857769e+00 -6.934093888571428721e+00 1.748689119999999875e+00
4.921496011428571293e+00 -6.934093888571428721e+00 1.748689119999999875e+00
5.135781725714285706e+00 -6.934093888571428721e+00 1.748689119999999875e+00
5.350067440000000119e+00 -6.934093888571428721e+00 1.748689119999999875e+00
2.350067440000000119e+00 -7.148379602857142245e+00 1.748689119999999875e+00
2.564353154285714531e+00 -7.148379602857142245e+00 1.748689119999999875e+00
2.778638868571428500e+00 -7.148379602857142245e+00 1.748689119999999875e+00
2.992924582857142912e+00 -7.148379602857142245e+00 1.748689119999999875e+00
3.207210297142857325e+00 -7.148379602857142245e+00 1.748689119999999875e+00
3.421496011428571293e+00 -7.148379602857142245e+00 1.748689119999999875e+00
3.635781725714285706e+00 -7.148379602857142245e+00 1.748689119999999875e+00
3.850067440000000119e+00 -7.148379602857142245e+00 1.748689119999999875e+00
4.064353154285714531e+00 -7.148379602857142245e+00 1.748689119999999875e+00
4.278638868571428944e+00 -7.148379602857142245e+00 1.748689119999999875e+00
4.492924582857142468e+00 -7.148379602857142245e+00 1.748689119999999875e+00
4.707210297142857769e+00 -7.148379602857142245e+00 1.748689119999999875e+00
4.921496011428571293e+00 -7.148379602857142245e+00 1.748689119999999875e+00
5.135781725714285706e+00 -7.148379602857142245e+00 1.748689119999999875e+00
5.350067440000000119e+00 -7.148379602857142245e+00 1.748689119999999875e+00
2.350067440000000119e+00 -7.362665317142857546e+00 1.748689119999999875e+00
2.564353154285714531e+00 -7.362665317142857546e+00 1.748689119999999875e+00
2.778638868571428500e+00 -7.362665317142857546e+00 1.748689119999999875e+00
2.992924582857142912e+00 -7.362665317142857546e+00 1.748689119999999875e+00
3.207210297142857325e+00 -7.362665317142857546e+00 1.748689119999999875e+00
3.421496011428571293e+00 -7.362665317142857546e+00 1.748689119999999875e+00
3.635781725714285706e+00 -7.362665317142857546e+00 1.748689119999999875e+00
3.850067440000000119e+00 -7.362665317142857546e+00 1.748689119999999875e+00
4.064353154285714531e+00 -7.362665317142857546e+00 1.748689119999999875e+00
4.278638868571428944e+00 -7.362665317142857546e+00 1.748689119999999875e+00
4.492924582857142468e+00 -7.362665317142857546e+00 1.748689119999999875e+00
4.707210297142857769e+00 -7.362665317142857546e+00 1.748689119999999875e+00
4.921496011428571293e+00 -7.362665317142857546e+00 1.748689119999999875e+00
5.135781725714285706e+00 -7.362665317142857546e+00 1.748689119999999875e+00
5.350067440000000119e+00 -7.362665317142857546e+00 1.748689119999999875e+00
2.350067440000000119e+00 -7.576951031428571071e+00 1.748689119999999875e+00
2.564353154285714531e+00 -7.576951031428571071e+00 1.748689119999999875e+00
2.778638868571428500e+00 -7.576951031428571071e+00 1.748689119999999875e+00
2.992924582857142912e+00 -7.576951031428571071e+00 1.748689119999999875e+00
3.207210297142857325e+00 -7.576951031428571071e+00 1.748689119999999875e+00
3.421496011428571293e+00 -7.576951031428571071e+00 1.748689119999999875e+00
3.635781725714285706e+00 -7.576951031428571071e+00 1.748689119999999875e+00
3.850067440000000119e+00 -7.576951031428571071e+00 1.748689119999999875e+00
4.064353154285714531e+00 -7.576951031428571071e+00 1.748689119999999875e+00
4.278638868571428944e+00 -7.576951031428571071e+00 1.748689119999999875e+00
4.492924582857142468e+00 -7.576951031428571071e+00 1.748689119999999875e+00
4.707210297142857769e+00 -7.576951031428571071e+00 1.748689119999999875e+00
4.921496011428571293e+00 -7.576951031428571071e+00 1.748689119999999875e+00
5.135781725714285706e+00 -7.576951031428571071e+00 1.748689119999999875e+00
5.350067440000000119e+00 -7.576951031428571071e+00 1.748689119999999875e+00
2.350067440000000119e+00 -7.791236745714284595e+00 1.748689119999999875e+00
2.564353154285714531e+00 -7.791236745714284595e+00 1.748689119999999875e+00
2.778638868571428500e+00 -7.791236745714284595e+00 1.748689119999999875e+00
2.992924582857142912e+00 -7.791236745714284595e+00 1.748689119999999875e+00
3.207210297142857325e+00 -7.791236745714284595e+00 1.748689119999999875e+00
3.421496011428571293e+00 -7.791236745714284595e+00 1.748689119999999875e+00
3.635781725714285706e+00 -7.791236745714284595e+00 1.748689119999999875e+00
3.850067440000000119e+00 -7.791236745714284595e+00 1.748689119999999875e+00
4.064353154285714531e+00 -7.791236745714284595e+00 1.748689119999999875e+00
4.278638868571428944e+00 -7.791236745714284595e+00 1.748689119999999875e+00
4.492924582857142468e+00 -7.791236745714284595e+00 1.748689119999999875e+00
4.707210297142857769e+00 -7.791236745714284595e+00 1.748689119999999875e+00
4.921496011428571293e+00 -7.791236745714284595e+00 1.748689119999999875e+00
5.135781725714285706e+00 -7.791236745714284595e+00 1.748689119999999875e+00
5.350067440000000119e+00 -7.791236745714284595e+00 1.748689119999999875e+00
2.350067440000000119e+00 -8.005522459999999896e+00 1.748689119999999875e+00
2.564353154285714531e+00 -8.005522459999999896e+00 1.748689119999999875e+00
2.778638868571428500e+00 -8.005522459999999896e+00 1.748689119999999875e+00
2.992924582857142912e+00 -8.005522459999999896e+00 1.748689119999999875e+00
3.207210297142857325e+00 -8.005522459999999896e+00 1.748689119999999875e+00
3.421496011428571293e+00 -8.005522459999999896e+00 1.748689119999999875e+00
3.635781725714285706e+00 -8.005522459999999896e+00 1.748689119999999875e+00
3.850067440000000119e+00 -8.005522459999999896e+00 1.748689119999999875e+00
4.064353154285714531e+00 -8.005522459999999896e+00 1.748689119999999875e+00
4.278638868571428944e+00 -8.005522459999999896e+00 1.748689119999999875e+00
4.492924582857142468e+00 -8.005522459999999896e+00 1.748689119999999875e+00
4.707210297142857769e+00 -8.005522459999999896e+00 1.748689119999999875e+00
4.921496011428571293e+00 -8.005522459999999896e+00 1.748689119999999875e+00
5.135781725714285706e+00 -8.005522459999999896e+00 1.748689119999999875e+00
5.350067440000000119e+00 -8.005522459999999896e+00 1.748689119999999875e+00
2.350067440000000119e+00 -8.219808174285713420e+00 1.748689119999999875e+00
2.564353154285714531e+00 -8.219808174285713420e+00 1.748689119999999875e+00
2.778638868571428500e+00 -8.219808174285713420e+00 1.748689119999999875e+00
2.992924582857142912e+00 -8.219808174285713420e+00 1.748689119999999875e+00
3.207210297142857325e+00 -8.219808174285713420e+00 1.748689119999999875e+00
3.421496011428571293e+00 -8.219808174285713420e+00 1.748689119999999875e+00
3.635781725714285706e+00 -8.219808174285713420e+00 1.748689119999999875e+00
3.850067440000000119e+00 -8.219808174285713420e+00 1.748689119999999875e+00
4.064353154285714531e+00 -8.219808174285713420e+00 1.748689119999999875e+00
4.278638868571428944e+00 -8.219808174285713420e+00 1.748689119999999875e+00
4.492924582857142468e+00 -8.219808174285713420e+00 1.748689119999999875e+00
4.707210297142857769e+00 -8.219808174285713420e+00 1.748689119999999875e+00
4.921496011428571293e+00 -8.219808174285713420e+00 1.748689119999999875e+00
5.135781725714285706e+00 -8.219808174285713420e+00 1.748689119999999875e+00
5.350067440000000119e+00 -8.219808174285713420e+00 1.748689119999999875e+00
2.350067440000000119e+00 -8.434093888571428721e+00 1.748689119999999875e+00
2.564353154285714531e+00 -8.434093888571428721e+00 1.748689119999999875e+00
2.778638868571428500e+00 -8.434093888571428721e+00 1.748689119999999875e+00
2.992924582857142912e+00 -8.434093888571428721e+00 1.748689119999999875e+00
3.207210297142857325e+00 -8.434093888571428721e+00 1.748689119999999875e+00
3.421496011428571293e+00 -8.434093888571428721e+00 1.748689119999999875e+00
3.635781725714285706e+00 -8.434093888571428721e+00 1.748689119999999875e+00
3.850067440000000119e+00 -8.434093888571428721e+00 1.748689119999999875e+00
4.064353154285714531e+00 -8.434093888571428721e+00 1.748689119999999875e+00
4.278638868571428944e+00 -8.434093888571428721e+00 1.748689119999999875e+00
4.492924582857142468e+00 -8.434093888571428721e+00 1.748689119999999875e+00
4.707210297142857769e+00 -8.434093888571428721e+00 1.748689119999999875e+00
4.921496011428571293e+00 -8.434093888571428721e+00 1.748689119999999875e+00
5.135781725714285706e+00 -8.434093888571428721e+00 1.748689119999999875e+00
5.350067440000000119e+00 -8.434093888571428721e+00 1.748689119999999875e+00
2.350067440000000119e+00 -8.648379602857142245e+00 1.748689119999999875e+00
2.564353154285714531e+00 -8.648379602857142245e+00 1.748689119999999875e+00
2.778638868571428500e+00 -8.648379602857142245e+00 1.748689119999999875e+00
2.992924582857142912e+00 -8.648379602857142245e+00 1.748689119999999875e+00
3.207210297142857325e+00 -8.648379602857142245e+00 1.748689119999999875e+00
3.421496011428571293e+00 -8.648379602857142245e+00 1.748689119999999875e+00
3.635781725714285706e+00 -8.648379602857142245e+00 1.748689119999999875e+00
3.850067440000000119e+00 -8.648379602857142245e+00 1.748689119999999875e+00
4.064353154285714531e+00 -8.648379602857142245e+00 1.748689119999999875e+00
4.278638868571428944e+00 -8.648379602857142245e+00 1.748689119999999875e+00
4.492924582857142468e+00 -8.648379602857142245e+00 1.748689119999999875e+00
4.707210297142857769e+00 -8.648379602857142245e+00 1.748689119999999875e+00
4.921496011428571293e+00 -8.648379602857142245e+00 1.748689119999999875e+00
5.135781725714285706e+00 -8.648379602857142245e+00 1.748689119999999875e+00
5.350067440000000119e+00 -8.648379602857142245e+00 1.748689119999999875e+00
2.350067440000000119e+00 -8.862665317142857546e+00 1.748689119999999875e+00
2.564353154285714531e+00 -8.862665317142857546e+00 1.748689119999999875e+00
2.778638868571428500e+00 -8.862665317142857546e+00 1.748689119999999875e+00
2.992924582857142912e+00 -8.862665317142857546e+00 1.748689119999999875e+00
3.207210297142857325e+00 -8.862665317142857546e+00 1.748689119999999875e+00
3.421496011428571293e+00 -8.862665317142857546e+00 1.748689119999999875e+00
3.635781725714285706e+00 -8.862665317142857546e+00 1.748689119999999875e+00
3.850067440000000119e+00 -8.862665317142857546e+00 1.748689119999999875e+00
4.064353154285714531e+00 -8.862665317142857546e+00 1.748689119999999875e+00
4.278638868571428944e+00 -8.862665317142857546e+00 1.748689119999999875e+00
4.492924582857142468e+00 -8.862665317142857546e+00 1.748689119999999875e+00
4.707210297142857769e+00 -8.862665317142857546e+00 1.748689119999999875e+00
4.921496011428571293e+00 -8.862665317142857546e+00 1.748689119999999875e+00
5.135781725714285706e+00 -8.862665317142857546e+00 1.748689119999999875e+00
5.350067440000000119e+00 -8.862665317142857546e+00 1.748689119999999875e+00
2.350067440000000119e+00 -9.076951031428571071e+00 1.748689119999999875e+00
2.564353154285714531e+00 -9.076951031428571071e+00 1.748689119999999875e+00
2.778638868571428500e+00 -9.076951031428571071e+00 1.748689119999999875e+00
2.992924582857142912e+00 -9.076951031428571071e+00 1.748689119999999875e+00
3.207210297142857325e+00 -9.076951031428571071e+00 1.748689119999999875e+00
3.421496011428571293e+00 -9.076951031428571071e+00 1.748689119999999875e+00
3.635781725714285706e+00 -9.076951031428571071e+00 1.748689119999999875e+00
3.850067440000000119e+00 -9.076951031428571071e+00 1.748689119999999875e+00
4.064353154285714531e+00 -9.076951031428571071e+00 1.748689119999999875e+00
4.278638868571428944e+00 -9.076951031428571071e+00 1.748689119999999875e+00
4.492924582857142468e+00 -9.076951031428571071e+00 1.748689119999999875e+00
4.707210297142857769e+00 -9.076951031428571071e+00 1.748689119999999875e+00
4.921496011428571293e+00 -9.076951031428571071e+00 1.748689119999999875e+00
5.135781725714285706e+00 -9.076951031428571071e+00 1.748689119999999875e+00
5.350067440000000119e+00 -9.076951031428571071e+00 1.748689119999999875e+00
2.350067440000000119e+00 -9.291236745714284595e+00 1.748689119999999875e+00
2.564353154285714531e+00 -9.291236745714284595e+00 1.748689119999999875e+00
2.778638868571428500e+00 -9.291236745714284595e+00 1.748689119999999875e+00
2.992924582857142912e+00 -9.291236745714284595e+00 1.748689119999999875e+00
3.207210297142857325e+00 -9.291236745714284595e+00 1.748689119999999875e+00
3.421496011428571293e+00 -9.291236745714284595e+00 1.748689119999999875e+00
3.635781725714285706e+00 -9.291236745714284595e+00 1.748689119999999875e+00
3.850067440000000119e+00 -9.291236745714284595e+00 1.748689119999999875e+00
4.064353154285714531e+00 -9.291236745714284595e+00 1.748689119999999875e+00
4.278638868571428944e+00 -9.291236745714284595e+00 1.748689119999999875e+00
4.492924582857142468e+00 -9.291236745714284595e+00 1.748689119999999875e+00
4.707210297142857769e+00 -9.291236745714284595e+00 1.748689119999999875e+00
4.921496011428571293e+00 -9.291236745714284595e+00 1.748689119999999875e+00
5.135781725714285706e+00 -9.291236745714284595e+00 1.748689119999999875e+00
5.350067440000000119e+00 -9.291236745714284595e+00 1.748689119999999875e+00
2.350067440000000119e+00 -9.505522459999999896e+00 1.748689119999999875e+00
2.564353154285714531e+00 -9.505522459999999896e+00 1.748689119999999875e+00
2.778638868571428500e+00 -9.505522459999999896e+00 1.748689119999999875e+00
2.992924582857142912e+00 -9.505522459999999896e+00 1.748689119999999875e+00
3.207210297142857325e+00 -9.505522459999999896e+00 1.748689119999999875e+00
3.421496011428571293e+00 -9.505522459999999896e+00 1.748689119999999875e+00
3.635781725714285706e+00 -9.505522459999999896e+00 1.748689119999999875e+00
3.850067440000000119e+00 -9.505522459999999896e+00 1.748689119999999875e+00
4.064353154285714531e+00 -9.505522459999999896e+00 1.748689119999999875e+00
4.278638868571428944e+00 -9.505522459999999896e+00 1.748689119999999875e+00
4.492924582857142468e+00 -9.505522459999999896e+00 1.748689119999999875e+00
4.707210297142857769e+00 -9.505522459999999896e+00 1.748689119999999875e+00
4.921496011428571293e+00 -9.505522459999999896e+00 1.748689119999999875e+00
5.135781725714285706e+00 -9.505522459999999896e+00 1.748689119999999875e+00
5.350067440000000119e+00 -9.505522459999999896e+00 1.748689119999999875e+00
