1.483021974563598633e+00 -1.881220145151019096e-03 -2.982917070388793945e+00
1.184635639190673828e+00 -2.083885967731475830e-01 -3.006583213806152344e+00
1.010982394218444824e+00 -3.794812858104705811e-01 -3.065157890319824219e+00
1.024913191795349121e+00 -5.456185936927795410e-01 -3.029815673828125000e+00
1.164856672286987305e+00 -5.618870854377746582e-01 -2.987241029739379883e+00
1.322106003761291504e+00 -5.390766859054565430e-01 -2.966591358184814453e+00
1.489803910255432129e+00 -5.124338269233703613e-01 -2.957153081893920898e+00
1.666675329208374023e+00 -4.883527457714080811e-01 -2.954146623611450195e+00
1.851535797119140625e+00 -4.680813550949096680e-01 -2.955030679702758789e+00
2.042962074279785156e+00 -4.472044110298156738e-01 -2.958365917205810547e+00
2.239185094833374023e+00 -4.174835383892059326e-01 -2.963265657424926758e+00
2.437485933303833008e+00 -3.687951266765594482e-01 -2.968869209289550781e+00
2.633096933364868164e+00 -2.892131507396697998e-01 -2.973875284194946289e+00
2.819197654724121094e+00 -1.667983978986740112e-01 -2.976701974868774414e+00
2.999770402908325195e+00 -1.798335579223930836e-03 -2.983821868896484375e+00
1.043092370033264160e+00 1.062334515154361725e-03 -2.824172735214233398e+00
9.368876218795776367e-01 -1.941609084606170654e-01 -2.861377954483032227e+00
8.719708323478698730e-01 -3.872865438461303711e-01 -2.878377914428710938e+00
9.620739221572875977e-01 -5.206789374351501465e-01 -2.822473049163818359e+00
1.122738003730773926e+00 -5.393792986869812012e-01 -2.779026269912719727e+00
1.294537186622619629e+00 -5.240175127983093262e-01 -2.755947351455688477e+00
1.472465157508850098e+00 -5.010875463485717773e-01 -2.744768142700195312e+00
1.656159639358520508e+00 -4.787566959857940674e-01 -2.740813732147216797e+00
1.845639348030090332e+00 -4.609026014804840088e-01 -2.741196155548095703e+00
2.040409564971923828e+00 -4.441295862197875977e-01 -2.744273900985717773e+00
2.239508390426635742e+00 -4.210020005702972412e-01 -2.749119997024536133e+00
2.441257715225219727e+00 -3.834519982337951660e-01 -2.754959583282470703e+00
2.642794609069824219e+00 -3.237952291965484619e-01 -2.760767459869384766e+00
2.840711832046508789e+00 -2.380969971418380737e-01 -2.765094041824340820e+00
3.039188623428344727e+00 -1.499038189649581909e-01 -2.769029378890991211e+00
6.871120929718017578e-01 -4.616446048021316528e-02 -2.716488122940063477e+00
7.139140367507934570e-01 -2.324220389127731323e-01 -2.702351331710815430e+00
7.692792415618896484e-01 -3.993431329727172852e-01 -2.669430971145629883e+00
9.069744348526000977e-01 -4.920992255210876465e-01 -2.611967563629150391e+00
1.080771803855895996e+00 -5.113148689270019531e-01 -2.570372343063354492e+00
1.263195633888244629e+00 -5.008113384246826172e-01 -2.545916080474853516e+00
1.449553370475769043e+00 -4.795583784580230713e-01 -2.533113241195678711e+00
1.639382123947143555e+00 -4.573807418346405029e-01 -2.528164386749267578e+00
1.833456158638000488e+00 -4.431064128875732422e-01 -2.527829170227050781e+00
2.031818866729736328e+00 -4.337094426155090332e-01 -2.530334234237670898e+00
2.234050035476684570e+00 -4.211297333240509033e-01 -2.534788131713867188e+00
2.439175367355346680e+00 -3.985113203525543213e-01 -2.540396451950073242e+00
2.645592689514160156e+00 -3.616961836814880371e-01 -2.546231746673583984e+00
2.851947307586669922e+00 -3.126494884490966797e-01 -2.551236629486083984e+00
3.059514522552490234e+00 -2.664050757884979248e-01 -2.554328441619873047e+00
4.241835772991180420e-01 -1.650048941373825073e-01 -2.568943738937377930e+00
5.483838319778442383e-01 -2.957513928413391113e-01 -2.510149717330932617e+00
6.839823126792907715e-01 -4.073721766471862793e-01 -2.454534769058227539e+00
8.526746630668640137e-01 -4.681805968284606934e-01 -2.400592565536499023e+00
1.038806676864624023e+00 -4.823000431060791016e-01 -2.361294507980346680e+00
1.230328559875488281e+00 -4.706524908542633057e-01 -2.336240530014038086e+00
1.423605918884277344e+00 -4.462994933128356934e-01 -2.322226047515869141e+00
1.618342757225036621e+00 -4.204035103321075439e-01 -2.316709041595458984e+00
1.816476702690124512e+00 -4.109373986721038818e-01 -2.315530776977539062e+00
2.018200159072875977e+00 -4.126295447349548340e-01 -2.317035198211669922e+00
2.223387956619262695e+00 -4.138434529304504395e-01 -2.320604801177978516e+00
2.431375265121459961e+00 -4.072488248348236084e-01 -2.325328826904296875e+00
2.641047000885009766e+00 -3.904676139354705811e-01 -2.330126047134399414e+00
2.851475477218627930e+00 -3.662856221199035645e-01 -2.333682060241699219e+00
3.062917232513427734e+00 -3.442196846008300781e-01 -2.334102153778076172e+00
2.622326016426086426e-01 -2.761854231357574463e-01 -2.358143329620361328e+00
4.370784163475036621e-01 -3.499376177787780762e-01 -2.292811393737792969e+00
6.140910387039184570e-01 -4.146891236305236816e-01 -2.236203432083129883e+00
8.030945658683776855e-01 -4.496629834175109863e-01 -2.187722682952880859e+00
9.998167157173156738e-01 -4.532198905944824219e-01 -2.151338815689086914e+00
1.198780655860900879e+00 -4.336841404438018799e-01 -2.126585245132446289e+00
1.397167205810546875e+00 -3.992826640605926514e-01 -2.112113475799560547e+00
1.594961524009704590e+00 -3.626027703285217285e-01 -2.107221841812133789e+00
1.796572089195251465e+00 -3.604999482631683350e-01 -2.105094432830810547e+00
2.001265048980712891e+00 -3.787376582622528076e-01 -2.105066061019897461e+00
2.209120750427246094e+00 -3.974788486957550049e-01 -2.107262849807739258e+00
2.419561386108398438e+00 -4.074917733669281006e-01 -2.110596179962158203e+00
2.631477594375610352e+00 -4.072171747684478760e-01 -2.113729715347290039e+00
2.844005346298217773e+00 -3.996201157569885254e-01 -2.115144014358520508e+00
3.057030677795410156e+00 -3.910780847072601318e-01 -2.112827539443969727e+00
1.651987284421920776e-01 -3.491492867469787598e-01 -2.119390726089477539e+00
3.624757826328277588e-01 -3.863581120967864990e-01 -2.063898324966430664e+00
5.595887899398803711e-01 -4.193895757198333740e-01 -2.014789342880249023e+00
7.610231041908264160e-01 -4.333256185054779053e-01 -1.973048567771911621e+00
9.654995203018188477e-01 -4.228228628635406494e-01 -1.940520405769348145e+00
1.169816732406616211e+00 -3.888280093669891357e-01 -1.917207002639770508e+00
1.371049523353576660e+00 -3.350158929824829102e-01 -1.903461933135986328e+00
1.569383978843688965e+00 -2.757608592510223389e-01 -1.901368618011474609e+00
1.775165677070617676e+00 -2.879752516746520996e-01 -1.897715806961059570e+00
1.982775568962097168e+00 -3.320551514625549316e-01 -1.895319581031799316e+00
2.193064212799072266e+00 -3.734489381313323975e-01 -1.895565629005432129e+00
2.405742406845092773e+00 -4.006908237934112549e-01 -1.897067666053771973e+00
2.619457960128784180e+00 -4.141778349876403809e-01 -1.898265361785888672e+00
2.833305358886718750e+00 -4.177087247371673584e-01 -1.897653818130493164e+00
3.047080755233764648e+00 -4.166128039360046387e-01 -1.893489360809326172e+00
1.043881922960281372e-01 -3.901815712451934814e-01 -1.874166965484619141e+00
3.113271594047546387e-01 -4.071110785007476807e-01 -1.831056356430053711e+00
5.180442333221435547e-01 -4.200679063796997070e-01 -1.791416287422180176e+00
7.264313697814941406e-01 -4.173575043678283691e-01 -1.757043600082397461e+00
9.355616569519042969e-01 -3.911896347999572754e-01 -1.729433298110961914e+00
1.142465710639953613e+00 -3.366292715072631836e-01 -1.709101676940917969e+00
1.343137145042419434e+00 -2.516669332981109619e-01 -1.697683453559875488e+00
1.539174437522888184e+00 -1.527771502733230591e-01 -1.699346303939819336e+00
1.753936767578125000e+00 -1.973868310451507568e-01 -1.692938089370727539e+00
1.964515328407287598e+00 -2.827672362327575684e-01 -1.687677502632141113e+00
2.177225112915039062e+00 -3.492387831211090088e-01 -1.685855269432067871e+00
2.392001152038574219e+00 -3.920917510986328125e-01 -1.685131788253784180e+00
2.607278585433959961e+00 -4.158054590225219727e-01 -1.684223532676696777e+00
2.822125673294067383e+00 -4.261489212512969971e-01 -1.681927680969238281e+00
3.036377191543579102e+00 -4.288075566291809082e-01 -1.676969766616821289e+00
6.410665810108184814e-02 -4.096823334693908691e-01 -1.630117416381835938e+00
2.752118110656738281e-01 -4.163760244846343994e-01 -1.597740292549133301e+00
4.863196909427642822e-01 -4.178674519062042236e-01 -1.567117571830749512e+00
6.979433298110961914e-01 -4.038247466087341309e-01 -1.540135860443115234e+00
9.085036516189575195e-01 -3.639604747295379639e-01 -1.518260359764099121e+00
1.113706946372985840e+00 -2.870419025421142578e-01 -1.502294540405273438e+00
1.307954668998718262e+00 -1.634094864130020142e-01 -1.492768168449401855e+00
1.501877546310424805e+00 -8.522920310497283936e-03 -1.485191702842712402e+00
1.733244776725769043e+00 -1.451815068721771240e-01 -1.482343554496765137e+00
1.948339819908142090e+00 -2.618228197097778320e-01 -1.480197429656982422e+00
2.163710832595825195e+00 -3.416717648506164551e-01 -1.477226734161376953e+00
2.380399703979492188e+00 -3.906514644622802734e-01 -1.474205255508422852e+00
2.596946477890014648e+00 -4.175515174865722656e-01 -1.471204400062561035e+00
2.812536478042602539e+00 -4.297177493572235107e-01 -1.467626333236694336e+00
3.027133464813232422e+00 -4.331675767898559570e-01 -1.462758898735046387e+00
3.617786988615989685e-02 -4.148420989513397217e-01 -1.389103293418884277e+00
2.491066455841064453e-01 -4.180160164833068848e-01 -1.365149855613708496e+00
4.622905254364013672e-01 -4.165642261505126953e-01 -1.342247724533081055e+00
6.758185029029846191e-01 -4.021482765674591064e-01 -1.321865081787109375e+00
8.883175849914550781e-01 -3.666155040264129639e-01 -1.305034279823303223e+00
1.096726417541503906e+00 -3.030276596546173096e-01 -1.291739463806152344e+00
1.298571467399597168e+00 -2.125271707773208618e-01 -1.280189275741577148e+00
1.507055044174194336e+00 -1.515873074531555176e-01 -1.273372292518615723e+00
1.722460985183715820e+00 -2.322468459606170654e-01 -1.276933908462524414e+00
1.937769651412963867e+00 -3.091761767864227295e-01 -1.273562788963317871e+00
2.155000925064086914e+00 -3.655145168304443359e-01 -1.268129229545593262e+00
2.372807502746582031e+00 -4.016677737236022949e-01 -1.262838959693908691e+00
2.589958906173706055e+00 -4.216539561748504639e-01 -1.258115291595458984e+00
2.805886030197143555e+00 -4.300343990325927734e-01 -1.253765940666198730e+00
3.020669937133789062e+00 -4.313807785511016846e-01 -1.249602079391479492e+00
1.615186408162117004e-02 -4.073232710361480713e-01 -1.151057481765747070e+00
2.298430800437927246e-01 -4.117472767829895020e-01 -1.133556008338928223e+00
4.440643489360809326e-01 -4.138737022876739502e-01 -1.117049098014831543e+00
6.589574813842773438e-01 -4.067480266094207764e-01 -1.102394819259643555e+00
8.735740184783935547e-01 -3.847608864307403564e-01 -1.090244412422180176e+00
1.086069226264953613e+00 -3.453226983547210693e-01 -1.080598950386047363e+00
1.295737981796264648e+00 -2.962266802787780762e-01 -1.073119640350341797e+00
1.506220817565917969e+00 -2.699530720710754395e-01 -1.068815588951110840e+00
1.719135403633117676e+00 -3.121855854988098145e-01 -1.068447351455688477e+00
1.934351205825805664e+00 -3.566405773162841797e-01 -1.063184142112731934e+00
2.151548862457275391e+00 -3.906533718109130859e-01 -1.056373834609985352e+00
2.369287729263305664e+00 -4.120728373527526855e-01 -1.049792647361755371e+00
2.586432218551635742e+00 -4.221661388874053955e-01 -1.044056892395019531e+00
2.802400588989257812e+00 -4.237784743309020996e-01 -1.039448499679565430e+00
3.017232894897460938e+00 -4.204306602478027344e-01 -1.036343455314636230e+00
1.616548513993620872e-03 -3.841570317745208740e-01 -9.155371189117431641e-01
2.154401689767837524e-01 -3.940657973289489746e-01 -9.030563235282897949e-01
4.300793111324310303e-01 -4.046657681465148926e-01 -8.918799161911010742e-01
6.458578705787658691e-01 -4.086172878742218018e-01 -8.820903897285461426e-01
8.620036840438842773e-01 -4.014901220798492432e-01 -8.738801479339599609e-01
1.077222824096679688e+00 -3.828951716423034668e-01 -8.673079013824462891e-01
1.290749549865722656e+00 -3.593034446239471436e-01 -8.622233271598815918e-01
1.503722906112670898e+00 -3.488125801086425781e-01 -8.586398363113403320e-01
1.717708349227905273e+00 -3.691568076610565186e-01 -8.554766178131103516e-01
1.933450341224670410e+00 -3.919065892696380615e-01 -8.494558334350585938e-01
2.150668144226074219e+00 -4.084494113922119141e-01 -8.422460556030273438e-01
2.368344068527221680e+00 -4.160617589950561523e-01 -8.351213335990905762e-01
2.585499763488769531e+00 -4.148418903350830078e-01 -8.288873434066772461e-01
2.801500558853149414e+00 -4.069122672080993652e-01 -8.243418335914611816e-01
3.016244888305664062e+00 -3.951790928840637207e-01 -8.225794434547424316e-01
-8.239775896072387695e-03 -3.391954004764556885e-01 -6.824167370796203613e-01
2.050570249557495117e-01 -3.602331578731536865e-01 -6.740567088127136230e-01
4.195579886436462402e-01 -3.847415149211883545e-01 -6.674636006355285645e-01
6.358121633529663086e-01 -4.027148783206939697e-01 -6.617702841758728027e-01
8.529517650604248047e-01 -4.099503755569458008e-01 -6.566816568374633789e-01
1.069792151451110840e+00 -4.070678055286407471e-01 -6.522049307823181152e-01
1.285626173019409180e+00 -3.991577029228210449e-01 -6.483064889907836914e-01
1.500799179077148438e+00 -3.961326479911804199e-01 -6.447162628173828125e-01
1.716354608535766602e+00 -4.049385786056518555e-01 -6.403873562812805176e-01
1.933001279830932617e+00 -4.136287271976470947e-01 -6.341704130172729492e-01
2.150651931762695312e+00 -4.165820181369781494e-01 -6.269069910049438477e-01
2.368628978729248047e+00 -4.111528992652893066e-01 -6.195487380027770996e-01
2.586060047149658203e+00 -3.968198597431182861e-01 -6.130613684654235840e-01
2.802160501480102539e+00 -3.752530515193939209e-01 -6.087996959686279297e-01
3.016381025314331055e+00 -3.485847413539886475e-01 -6.090380549430847168e-01
-1.241692993789911270e-02 -2.640060782432556152e-01 -4.521928131580352783e-01
1.992745399475097656e-01 -3.056472539901733398e-01 -4.476284086704254150e-01
4.127494692802429199e-01 -3.521319925785064697e-01 -4.450275599956512451e-01
6.288669705390930176e-01 -3.880393505096435547e-01 -4.425959587097167969e-01
8.464169502258300781e-01 -4.095449149608612061e-01 -4.397782981395721436e-01
1.064093232154846191e+00 -4.189440011978149414e-01 -4.366545975208282471e-01
1.281207799911499023e+00 -4.209695756435394287e-01 -4.333433806896209717e-01
1.497836232185363770e+00 -4.217373728752136230e-01 -4.296406507492065430e-01
1.714630007743835449e+00 -4.244024753570556641e-01 -4.248830676078796387e-01
1.932139277458190918e+00 -4.236905872821807861e-01 -4.186449944972991943e-01
2.150388956069946289e+00 -4.155575037002563477e-01 -4.114088416099548340e-01
2.368884086608886719e+00 -3.970896899700164795e-01 -4.039569795131683350e-01
2.586721897125244141e+00 -3.667295873165130615e-01 -3.974370360374450684e-01
2.802697658538818359e+00 -3.249690830707550049e-01 -3.939418792724609375e-01
3.014924526214599609e+00 -2.721697092056274414e-01 -3.978592753410339355e-01
-8.343609981238842010e-03 -1.506761610507965088e-01 -2.243758887052536011e-01
2.003721296787261963e-01 -2.300073653459548950e-01 -2.250667065382003784e-01
4.109661877155303955e-01 -3.106550574302673340e-01 -2.259324640035629272e-01
6.255944371223449707e-01 -3.678283989429473877e-01 -2.255531102418899536e-01
8.425568938255310059e-01 -4.031355082988739014e-01 -2.239711135625839233e-01
1.060195326805114746e+00 -4.220885336399078369e-01 -2.215152978897094727e-01
1.277680754661560059e+00 -4.304330348968505859e-01 -2.184426039457321167e-01
1.494906902313232422e+00 -4.332108199596405029e-01 -2.146608531475067139e-01
1.712273597717285156e+00 -4.324809610843658447e-01 -2.097679525613784790e-01
1.930209159851074219e+00 -4.253110289573669434e-01 -2.035718113183975220e-01
2.148778915405273438e+00 -4.078324437141418457e-01 -1.964213699102401733e-01
2.367508888244628906e+00 -3.758412003517150879e-01 -1.890918910503387451e-01
2.585226535797119141e+00 -3.253298997879028320e-01 -1.831070333719253540e-01
2.799879789352416992e+00 -2.537288069725036621e-01 -1.817322075366973877e-01
3.007618188858032227e+00 -1.588942855596542358e-01 -1.915038675069808960e-01
8.015895728021860123e-04 -2.113532740622758865e-03 1.341133378446102142e-02
2.097860574722290039e-01 -1.588355600833892822e-01 -6.319014355540275574e-03
4.148440062999725342e-01 -2.743288576602935791e-01 -1.027046702802181244e-02
6.258885860443115234e-01 -3.501627743244171143e-01 -1.056022383272647858e-02
8.409816026687622070e-01 -3.959955871105194092e-01 -9.250477887690067291e-03
1.057736992835998535e+00 -4.210872054100036621e-01 -6.951424758881330490e-03
1.274828553199768066e+00 -4.328095018863677979e-01 -3.936609253287315369e-03
1.491829991340637207e+00 -4.364450275897979736e-01 -1.319304137723520398e-04
1.708949923515319824e+00 -4.338312447071075439e-01 4.782414063811302185e-03
1.926533818244934082e+00 -4.222047030925750732e-01 1.092243101447820663e-02
2.144531488418579102e+00 -3.965625464916229248e-01 1.788540370762348175e-02
2.362063884735107422e+00 -3.498086035251617432e-01 2.454700320959091187e-02
2.577078819274902344e+00 -2.731581926345825195e-01 2.820457704365253448e-02
2.787466526031494141e+00 -1.591944694519042969e-01 2.398503385484218597e-02
2.998862981796264648e+00 -1.957330619916319847e-03 1.409464236348867416e-02
