3.961680456995964050e-02 2.999002838134765625e+01 -9.064347250387072563e-04
2.482207536697387695e+00 3.022273635864257812e+01 -1.077523902058601379e-01
4.793049812316894531e+00 3.047853279113769531e+01 -1.837053596973419189e-01
7.041000366210937500e+00 3.073742866516113281e+01 -2.262404710054397583e-01
9.256978988647460938e+00 3.099817466735839844e+01 -2.380165457725524902e-01
1.145599842071533203e+01 3.125909233093261719e+01 -2.315662056207656860e-01
1.364569568634033203e+01 3.151866722106933594e+01 -2.088065445423126221e-01
1.583084392547607422e+01 3.177967453002929688e+01 -1.714919060468673706e-01
1.801512336730957031e+01 3.205949020385742188e+01 -1.750680804252624512e-01
2.019701766967773438e+01 3.238112640380859375e+01 -2.733435332775115967e-01
2.238813591003417969e+01 3.271634674072265625e+01 -3.818314373493194580e-01
2.458547401428222656e+01 3.309163284301757812e+01 -5.963298082351684570e-01
2.682481765747070312e+01 3.346750640869140625e+01 -7.610680460929870605e-01
2.914522361755371094e+01 3.386883163452148438e+01 -8.486832380294799805e-01
3.167002487182617188e+01 3.441687393188476562e+01 -8.525867462158203125e-01
6.982785463333129883e-01 2.772000885009765625e+01 -5.387522280216217041e-02
2.893176317214965820e+00 2.805572319030761719e+01 -1.739697456359863281e-01
5.111937046051025391e+00 2.833908653259277344e+01 -2.961291670799255371e-01
7.324309825897216797e+00 2.861209869384765625e+01 -4.073427021503448486e-01
9.525156021118164062e+00 2.888641929626464844e+01 -5.097188353538513184e-01
1.171575546264648438e+01 2.916703605651855469e+01 -6.216233968734741211e-01
1.390112876892089844e+01 2.945404434204101562e+01 -7.256558537483215332e-01
1.608553886413574219e+01 2.974633789062500000e+01 -7.978947758674621582e-01
1.827064323425292969e+01 3.004604530334472656e+01 -8.632206320762634277e-01
2.045994949340820312e+01 3.035245132446289062e+01 -9.121923446655273438e-01
2.265674781799316406e+01 3.066799926757812500e+01 -9.551256299018859863e-01
2.486618995666503906e+01 3.099460601806640625e+01 -9.591099619865417480e-01
2.709251213073730469e+01 3.133460044860839844e+01 -9.179857373237609863e-01
2.933560180664062500e+01 3.167826652526855469e+01 -8.464648127555847168e-01
3.153509902954101562e+01 3.191217231750488281e+01 -7.131845355033874512e-01
1.174096584320068359e+00 2.553059196472167969e+01 -7.024626433849334717e-02
3.309221506118774414e+00 2.588674736022949219e+01 -1.938981711864471436e-01
5.473309040069580078e+00 2.619067955017089844e+01 -3.348602056503295898e-01
7.650426387786865234e+00 2.647598457336425781e+01 -4.621124863624572754e-01
9.831813812255859375e+00 2.675708389282226562e+01 -5.579290986061096191e-01
1.201358604431152344e+01 2.704076576232910156e+01 -6.099178194999694824e-01
1.419390106201171875e+01 2.732962989807128906e+01 -6.537449359893798828e-01
1.637309074401855469e+01 2.762257575988769531e+01 -7.213712930679321289e-01
1.855332183837890625e+01 2.792195320129394531e+01 -7.582494020462036133e-01
2.073560714721679688e+01 2.822677612304687500e+01 -7.939541339874267578e-01
2.292072677612304688e+01 2.853661346435546875e+01 -8.384829759597778320e-01
2.510884666442871094e+01 2.885274124145507812e+01 -8.096647858619689941e-01
2.729674148559570312e+01 2.916499519348144531e+01 -7.684024572372436523e-01
2.947205352783203125e+01 2.944749832153320312e+01 -7.044716477394104004e-01
3.162157630920410156e+01 2.964465713500976562e+01 -6.066145896911621094e-01
1.574489235877990723e+00 2.337860679626464844e+01 -1.042194291949272156e-01
3.695246934890747070e+00 2.372784042358398438e+01 -2.006501704454421997e-01
5.834478855133056641e+00 2.404089927673339844e+01 -3.267097771167755127e-01
7.986687660217285156e+00 2.433511734008789062e+01 -4.718493223190307617e-01
1.014921379089355469e+01 2.462278556823730469e+01 -5.784332752227783203e-01
1.231763744354248047e+01 2.491024971008300781e+01 -6.255466341972351074e-01
1.448787689208984375e+01 2.520013999938964844e+01 -6.509699225425720215e-01
1.665833663940429688e+01 2.549293136596679688e+01 -7.080079913139343262e-01
1.882940101623535156e+01 2.578981781005859375e+01 -7.540996074676513672e-01
2.100102233886718750e+01 2.609045410156250000e+01 -7.626549005508422852e-01
2.317200851440429688e+01 2.639280319213867188e+01 -7.760314941406250000e-01
2.533965301513671875e+01 2.669428062438964844e+01 -7.366721630096435547e-01
2.749980545043945312e+01 2.698379325866699219e+01 -6.796317696571350098e-01
2.964791679382324219e+01 2.724265480041503906e+01 -6.275059580802917480e-01
3.178497695922851562e+01 2.745092010498046875e+01 -5.390235185623168945e-01
1.935787677764892578e+00 2.124228286743164062e+01 -1.208302974700927734e-01
4.053019046783447266e+00 2.157914352416992188e+01 -2.102679610252380371e-01
6.181536197662353516e+00 2.189342308044433594e+01 -3.121785819530487061e-01
8.320110321044921875e+00 2.219292259216308594e+01 -4.395237863063812256e-01
1.046806335449218750e+01 2.248521232604980469e+01 -5.509839057922363281e-01
1.262341308593750000e+01 2.277567100524902344e+01 -6.135643720626831055e-01
1.478252410888671875e+01 2.306666564941406250e+01 -6.402459740638732910e-01
1.694286918640136719e+01 2.335875129699707031e+01 -6.874098181724548340e-01
1.910370445251464844e+01 2.365281295776367188e+01 -7.248249650001525879e-01
2.126386260986328125e+01 2.394869041442871094e+01 -7.175603508949279785e-01
2.342153930664062500e+01 2.424308967590332031e+01 -7.150339484214782715e-01
2.557384872436523438e+01 2.453278732299804688e+01 -6.702685952186584473e-01
2.771889877319335938e+01 2.480895996093750000e+01 -6.219863295555114746e-01
2.985627555847167969e+01 2.506212615966796875e+01 -5.897858738899230957e-01
3.198857116699218750e+01 2.528681373596191406e+01 -5.124356746673583984e-01
2.270719051361083984e+00 1.911353111267089844e+01 -2.036782652139663696e-01
4.389999866485595703e+00 1.943789291381835938e+01 -1.865856647491455078e-01
6.513969421386718750e+00 1.974962615966796875e+01 -2.807622253894805908e-01
8.645226478576660156e+00 2.005139541625976562e+01 -3.861657083034515381e-01
1.078264522552490234e+01 2.034613800048828125e+01 -5.089798569679260254e-01
1.292724800109863281e+01 2.063826179504394531e+01 -5.888538360595703125e-01
1.507652187347412109e+01 2.093020057678222656e+01 -5.994573235511779785e-01
1.722742271423339844e+01 2.122202873229980469e+01 -6.153750419616699219e-01
1.937824249267578125e+01 2.151315116882324219e+01 -6.552783250808715820e-01
2.152807235717773438e+01 2.180426597595214844e+01 -6.524478197097778320e-01
2.367514801025390625e+01 2.209207916259765625e+01 -6.506031155586242676e-01
2.581779670715332031e+01 2.237343025207519531e+01 -6.415746212005615234e-01
2.795503616333007812e+01 2.264355659484863281e+01 -6.262883543968200684e-01
3.008662796020507812e+01 2.289838600158691406e+01 -5.638270378112792969e-01
3.221405792236328125e+01 2.313809204101562500e+01 -4.450236260890960693e-01
2.592610359191894531e+00 1.698930358886718750e+01 -3.180245161056518555e-01
4.709991455078125000e+00 1.730082702636718750e+01 -2.024266421794891357e-01
6.833567619323730469e+00 1.760903930664062500e+01 -2.458931654691696167e-01
8.959301948547363281e+00 1.791033172607421875e+01 -3.673588633537292480e-01
1.109080028533935547e+01 1.820653724670410156e+01 -4.749784469604492188e-01
1.322775077819824219e+01 1.849953651428222656e+01 -5.524591207504272461e-01
1.536890792846679688e+01 1.879149055480957031e+01 -5.630623698234558105e-01
1.751156234741210938e+01 1.908233642578125000e+01 -5.644550323486328125e-01
1.965393066406250000e+01 1.937093162536621094e+01 -6.138217449188232422e-01
2.179561424255371094e+01 1.965836143493652344e+01 -6.222426295280456543e-01
2.393490982055664062e+01 1.994201087951660156e+01 -6.068804860115051270e-01
2.607106399536132812e+01 2.021894836425781250e+01 -6.165514588356018066e-01
2.820389175415039062e+01 2.048698043823242188e+01 -6.213014125823974609e-01
3.033212661743164062e+01 2.074580574035644531e+01 -5.308046340942382812e-01
3.245200729370117188e+01 2.099876403808593750e+01 -3.354895114898681641e-01
2.904945373535156250e+00 1.486475849151611328e+01 -4.113897979259490967e-01
5.018804073333740234e+00 1.516667270660400391e+01 -2.292016893625259399e-01
7.142015457153320312e+00 1.547071170806884766e+01 -2.479474097490310669e-01
9.264774322509765625e+00 1.577097702026367188e+01 -3.714268207550048828e-01
1.139270782470703125e+01 1.606736946105957031e+01 -4.549601674079895020e-01
1.352459526062011719e+01 1.636091041564941406e+01 -5.040626525878906250e-01
1.565939140319824219e+01 1.665231704711914062e+01 -5.096015334129333496e-01
1.779562377929687500e+01 1.694179534912109375e+01 -5.123884677886962891e-01
1.993151664733886719e+01 1.722877693176269531e+01 -5.617285370826721191e-01
2.206673812866210938e+01 1.751343345642089844e+01 -5.955682396888732910e-01
2.420037841796875000e+01 1.779443740844726562e+01 -5.855370163917541504e-01
2.633173751831054688e+01 1.806980133056640625e+01 -5.798798203468322754e-01
2.846070289611816406e+01 1.833859634399414062e+01 -5.525829792022705078e-01
3.058510398864746094e+01 1.860213470458984375e+01 -4.343384206295013428e-01
3.270079040527343750e+01 1.886426544189453125e+01 -2.127610445022583008e-01
3.207359313964843750e+00 1.273777675628662109e+01 -4.613544940948486328e-01
5.320147991180419922e+00 1.303453445434570312e+01 -2.624542415142059326e-01
7.442794322967529297e+00 1.333513164520263672e+01 -2.787562012672424316e-01
9.565326690673828125e+00 1.363386631011962891e+01 -3.644178211688995361e-01
1.168926906585693359e+01 1.392929744720458984e+01 -4.692354798316955566e-01
1.381724452972412109e+01 1.422245788574218750e+01 -5.210429430007934570e-01
1.594760894775390625e+01 1.451282501220703125e+01 -5.130138993263244629e-01
1.807923889160156250e+01 1.480098819732666016e+01 -5.005297660827636719e-01
2.021086692810058594e+01 1.508730316162109375e+01 -5.307730436325073242e-01
2.234143638610839844e+01 1.537061977386474609e+01 -5.725933313369750977e-01
2.447098159790039062e+01 1.565011787414550781e+01 -5.852183103561401367e-01
2.659881210327148438e+01 1.592519092559814453e+01 -5.579103827476501465e-01
2.872392654418945312e+01 1.619614219665527344e+01 -4.807290136814117432e-01
3.084418869018554688e+01 1.646409225463867188e+01 -3.288103640079498291e-01
3.295730209350585938e+01 1.673147392272949219e+01 -9.545270353555679321e-02
3.498810052871704102e+00 1.060823345184326172e+01 -4.322118759155273438e-01
5.617371082305908203e+00 1.090492153167724609e+01 -3.196986615657806396e-01
7.739123821258544922e+00 1.120200634002685547e+01 -3.161824047565460205e-01
9.861833572387695312e+00 1.149898242950439453e+01 -3.437117636203765869e-01
1.198246002197265625e+01 1.179286575317382812e+01 -4.748724400997161865e-01
1.410622406005859375e+01 1.208586311340332031e+01 -5.821235179901123047e-01
1.623382377624511719e+01 1.237675189971923828e+01 -6.062245368957519531e-01
1.836216354370117188e+01 1.266398429870605469e+01 -5.974910855293273926e-01
2.049052810668945312e+01 1.294890022277832031e+01 -6.101055741310119629e-01
2.261846351623535156e+01 1.323108291625976562e+01 -6.322736740112304688e-01
2.474590301513671875e+01 1.350952529907226562e+01 -6.204696893692016602e-01
2.687203407287597656e+01 1.378480243682861328e+01 -5.698686838150024414e-01
2.899637794494628906e+01 1.405743885040283203e+01 -4.836544394493103027e-01
3.111603355407714844e+01 1.432823657989501953e+01 -3.222779631614685059e-01
3.323106765747070312e+01 1.459897899627685547e+01 -1.090887859463691711e-01
3.788514137268066406e+00 8.481286048889160156e+00 -3.112825453281402588e-01
5.910033226013183594e+00 8.776226997375488281e+00 -3.645384013652801514e-01
8.031997680664062500e+00 9.070856094360351562e+00 -3.495563268661499023e-01
1.015448665618896484e+01 9.366033554077148438e+00 -3.137713372707366943e-01
1.227585315704345703e+01 9.659914970397949219e+00 -4.125506281852722168e-01
1.439549160003662109e+01 9.950668334960937500e+00 -5.607972741127014160e-01
1.651946067810058594e+01 1.024112892150878906e+01 -6.499881148338317871e-01
1.864548492431640625e+01 1.052900886535644531e+01 -6.820331215858459473e-01
2.077174186706542969e+01 1.081293010711669922e+01 -6.802110671997070312e-01
2.289751815795898438e+01 1.109366416931152344e+01 -6.454994082450866699e-01
2.502276992797851562e+01 1.137197113037109375e+01 -6.015489101409912109e-01
2.714807510375976562e+01 1.164793872833251953e+01 -5.667560100555419922e-01
2.927280426025390625e+01 1.192217063903808594e+01 -4.988026618957519531e-01
3.139076423645019531e+01 1.219502162933349609e+01 -3.156444430351257324e-01
3.350307464599609375e+01 1.246786212921142578e+01 -7.878566533327102661e-02
4.087565898895263672e+00 6.361100673675537109e+00 -1.317448467016220093e-01
6.199897766113281250e+00 6.647428989410400391e+00 -3.533460199832916260e-01
8.322477340698242188e+00 6.941500186920166016e+00 -3.760425150394439697e-01
1.044440841674804688e+01 7.234703063964843750e+00 -3.149501979351043701e-01
1.256742382049560547e+01 7.529325485229492188e+00 -3.365018069744110107e-01
1.468784523010253906e+01 7.821914672851562500e+00 -4.485051631927490234e-01
1.680842971801757812e+01 8.110440254211425781e+00 -5.603678226470947266e-01
1.893050003051757812e+01 8.395832061767578125e+00 -6.360631585121154785e-01
2.105369186401367188e+01 8.678949356079101562e+00 -6.404739022254943848e-01
2.317651939392089844e+01 8.959796905517578125e+00 -5.799455046653747559e-01
2.529997062683105469e+01 9.238562583923339844e+00 -5.249497890472412109e-01
2.742358398437500000e+01 9.515531539916992188e+00 -4.893416166305541992e-01
2.954594039916992188e+01 9.790739059448242188e+00 -4.228451251983642578e-01
3.166449928283691406e+01 1.006385326385498047e+01 -2.738732099533081055e-01
3.378451919555664062e+01 1.033922576904296875e+01 -1.369317919015884399e-01
4.393915653228759766e+00 4.245478153228759766e+00 6.563245505094528198e-02
6.492046356201171875e+00 4.521220684051513672e+00 -2.723060250282287598e-01
8.611428260803222656e+00 4.813570022583007812e+00 -3.946577310562133789e-01
1.073338985443115234e+01 5.107306480407714844e+00 -3.993344604969024658e-01
1.285492134094238281e+01 5.399842739105224609e+00 -3.927507102489471436e-01
1.497564888000488281e+01 5.692699432373046875e+00 -4.477358758449554443e-01
1.709480476379394531e+01 5.980865478515625000e+00 -5.586798191070556641e-01
1.921409988403320312e+01 6.264831066131591797e+00 -6.767681837081909180e-01
2.133656120300292969e+01 6.548136234283447266e+00 -6.989179849624633789e-01
2.345894813537597656e+01 6.829222679138183594e+00 -6.420500278472900391e-01
2.558190155029296875e+01 7.108073711395263672e+00 -5.891901254653930664e-01
2.770535659790039062e+01 7.386199951171875000e+00 -5.568276047706604004e-01
2.982902908325195312e+01 7.664393424987792969e+00 -5.272867083549499512e-01
3.195192718505859375e+01 7.944213867187500000e+00 -4.623787403106689453e-01
3.407400512695312500e+01 8.226128578186035156e+00 -3.764967024326324463e-01
4.702790737152099609e+00 2.132178544998168945e+00 2.681463062763214111e-01
6.791418075561523438e+00 2.401024341583251953e+00 -1.280656158924102783e-01
8.902275085449218750e+00 2.687501668930053711e+00 -3.618310093879699707e-01
1.102168464660644531e+01 2.981315135955810547e+00 -4.774146974086761475e-01
1.314278793334960938e+01 3.275214910507202148e+00 -4.970434010028839111e-01
1.526176834106445312e+01 3.567813158035278320e+00 -5.030958056449890137e-01
1.737899017333984375e+01 3.854565382003784180e+00 -5.832641720771789551e-01
1.949684906005859375e+01 4.135222434997558594e+00 -7.087013125419616699e-01
2.161945915222167969e+01 4.419725418090820312e+00 -7.529611587524414062e-01
2.374221992492675781e+01 4.703453540802001953e+00 -7.382818460464477539e-01
2.586503219604492188e+01 4.982922077178955078e+00 -7.031161785125732422e-01
2.798805618286132812e+01 5.260193347930908203e+00 -6.383214592933654785e-01
3.011084365844726562e+01 5.537023544311523438e+00 -5.404148101806640625e-01
3.223127746582031250e+01 5.817496299743652344e+00 -3.942975103855133057e-01
3.434414672851562500e+01 6.109095096588134766e+00 -1.800380498170852661e-01
5.012872219085693359e+00 2.098275348544120789e-02 4.751216769218444824e-01
7.098550319671630859e+00 2.880246937274932861e-01 6.386824697256088257e-02
9.202969551086425781e+00 5.697305798530578613e-01 -2.166925817728042603e-01
1.131837749481201172e+01 8.602663874626159668e-01 -3.639271259307861328e-01
1.343754196166992188e+01 1.157494902610778809e+00 -3.312557935714721680e-01
1.555330467224121094e+01 1.465124726295471191e+00 -2.106013447046279907e-01
1.767186164855957031e+01 1.771005153656005859e+00 -1.799734383821487427e-01
1.978735351562500000e+01 2.059650659561157227e+00 -2.537786066532135010e-01
2.190152359008789062e+01 2.333674669265747070e+00 -3.422077298164367676e-01
2.401760482788085938e+01 2.602533578872680664e+00 -4.106031656265258789e-01
2.613512611389160156e+01 2.878149986267089844e+00 -3.956269025802612305e-01
2.824415397644042969e+01 3.173667669296264648e+00 -2.176612913608551025e-01
3.034756088256835938e+01 3.480330944061279297e+00 1.683351770043373108e-02
3.244442367553710938e+01 3.799565553665161133e+00 2.992428839206695557e-01
3.452775955200195312e+01 4.145462036132812500e+00 6.575011014938354492e-01
