4.065162688493728638e-02 2.998913383483886719e+01 -9.562897612340748310e-04
2.488880157470703125e+00 3.020762825012207031e+01 -1.053310930728912354e-01
4.802043437957763672e+00 3.045635604858398438e+01 -1.765945702791213989e-01
7.051634311676025391e+00 3.070973014831542969e+01 -2.075600028038024902e-01
9.269372940063476562e+00 3.096333694458007812e+01 -2.027918696403503418e-01
1.147029495239257812e+01 3.121071434020996094e+01 -1.635480374097824097e-01
1.366124343872070312e+01 3.145034027099609375e+01 -1.025089174509048462e-01
1.584681701660156250e+01 3.170018768310546875e+01 -6.068542599678039551e-02
1.803136825561523438e+01 3.197397041320800781e+01 -6.353068351745605469e-02
2.020985603332519531e+01 3.230830383300781250e+01 -1.823229044675827026e-01
2.239629364013671875e+01 3.266115570068359375e+01 -3.213357031345367432e-01
2.458704757690429688e+01 3.305780410766601562e+01 -5.649476051330566406e-01
2.682272529602050781e+01 3.344790267944335938e+01 -7.524867057800292969e-01
2.914270782470703125e+01 3.385746765136718750e+01 -8.467222452163696289e-01
3.166926002502441406e+01 3.441590118408203125e+01 -8.525916337966918945e-01
6.985462307929992676e-01 2.770761489868164062e+01 -5.620590224862098694e-02
2.895826101303100586e+00 2.803745841979980469e+01 -1.743006557226181030e-01
5.116343975067138672e+00 2.831613349914550781e+01 -2.970418035984039307e-01
7.329434394836425781e+00 2.858587455749511719e+01 -4.120472073554992676e-01
9.529875755310058594e+00 2.885815048217773438e+01 -5.252246260643005371e-01
1.171921253204345703e+01 2.913906478881835938e+01 -6.558972597122192383e-01
1.390433502197265625e+01 2.942717933654785156e+01 -7.688733935356140137e-01
1.608909606933593750e+01 2.971924591064453125e+01 -8.402886986732482910e-01
1.827409172058105469e+01 3.002026748657226562e+01 -9.101666808128356934e-01
2.046356010437011719e+01 3.032768821716308594e+01 -9.603519439697265625e-01
2.266048622131347656e+01 3.064445495605468750e+01 -9.986071586608886719e-01
2.486976051330566406e+01 3.097354507446289062e+01 -9.930769205093383789e-01
2.709537887573242188e+01 3.131765747070312500e+01 -9.340933561325073242e-01
2.933798789978027344e+01 3.166653442382812500e+01 -8.528152704238891602e-01
3.153715324401855469e+01 3.190512275695800781e+01 -7.157689332962036133e-01
1.174880862236022949e+00 2.551111412048339844e+01 -7.467366755008697510e-02
3.311156511306762695e+00 2.586506080627441406e+01 -1.956633925437927246e-01
5.476416110992431641e+00 2.616625785827636719e+01 -3.376094102859497070e-01
7.654220104217529297e+00 2.644938468933105469e+01 -4.706304371356964111e-01
9.835887908935546875e+00 2.672927474975585938e+01 -5.774034857749938965e-01
1.201781749725341797e+01 2.701318168640136719e+01 -6.394361853599548340e-01
1.419824409484863281e+01 2.730296897888183594e+01 -6.833868622779846191e-01
1.637778663635253906e+01 2.759644889831542969e+01 -7.479832768440246582e-01
1.855786895751953125e+01 2.789662933349609375e+01 -7.991028428077697754e-01
2.074027442932128906e+01 2.820314407348632812e+01 -8.236457705497741699e-01
2.292561721801757812e+01 2.851453590393066406e+01 -8.597081303596496582e-01
2.511348724365234375e+01 2.883356857299804688e+01 -8.182899355888366699e-01
2.730126190185546875e+01 2.914893722534179688e+01 -7.697244286537170410e-01
2.947659301757812500e+01 2.943467712402343750e+01 -7.074629068374633789e-01
3.162628555297851562e+01 2.963429260253906250e+01 -6.169767975807189941e-01
1.576936841011047363e+00 2.335442733764648438e+01 -1.046125739812850952e-01
3.698093175888061523e+00 2.370325279235839844e+01 -2.007589936256408691e-01
5.838310241699218750e+00 2.401510047912597656e+01 -3.226149678230285645e-01
7.991541862487792969e+00 2.430818748474121094e+01 -4.638939797878265381e-01
1.015474605560302734e+01 2.459521293640136719e+01 -5.686550736427307129e-01
1.232356071472167969e+01 2.488302040100097656e+01 -6.136395335197448730e-01
1.449404144287109375e+01 2.517387390136718750e+01 -6.396303772926330566e-01
1.666465568542480469e+01 2.546741294860839844e+01 -7.013296484947204590e-01
1.883562469482421875e+01 2.576514816284179688e+01 -7.588159441947937012e-01
2.100725173950195312e+01 2.606765747070312500e+01 -7.590768933296203613e-01
2.317828559875488281e+01 2.637165451049804688e+01 -7.729303836822509766e-01
2.534591293334960938e+01 2.667543411254882812e+01 -7.331871986389160156e-01
2.750601577758789062e+01 2.696751976013183594e+01 -6.747072935104370117e-01
2.965437889099121094e+01 2.722854614257812500e+01 -6.366950869560241699e-01
3.179145050048828125e+01 2.743864440917968750e+01 -5.523993968963623047e-01
1.940460324287414551e+00 2.121488189697265625e+01 -1.120953410863876343e-01
4.057503700256347656e+00 2.155221557617187500e+01 -2.081915438175201416e-01
6.186261177062988281e+00 2.186616134643554688e+01 -3.137738704681396484e-01
8.325604438781738281e+00 2.216529846191406250e+01 -4.380660057067871094e-01
1.047430133819580078e+01 2.245751762390136719e+01 -5.474646091461181641e-01
1.263018894195556641e+01 2.274844741821289062e+01 -6.091622114181518555e-01
1.478959560394287109e+01 2.304023933410644531e+01 -6.382968425750732422e-01
1.695023727416992188e+01 2.333325958251953125e+01 -6.837261915206909180e-01
1.911131477355957031e+01 2.362850379943847656e+01 -7.192326188087463379e-01
2.127145195007324219e+01 2.392634582519531250e+01 -6.979897022247314453e-01
2.342923545837402344e+01 2.422221755981445312e+01 -7.035897970199584961e-01
2.558159828186035156e+01 2.451393318176269531e+01 -6.607595682144165039e-01
2.772682189941406250e+01 2.479204750061035156e+01 -6.219792962074279785e-01
2.986426353454589844e+01 2.504709434509277344e+01 -6.043462157249450684e-01
3.199665069580078125e+01 2.527331542968750000e+01 -5.345333814620971680e-01
2.277539253234863281e+00 1.908355331420898438e+01 -1.856687515974044800e-01
4.396765708923339844e+00 1.940929412841796875e+01 -1.750088185071945190e-01
6.520691394805908203e+00 1.972135925292968750e+01 -2.748681306838989258e-01
8.652344703674316406e+00 2.002336692810058594e+01 -3.797867596149444580e-01
1.079033756256103516e+01 2.031838989257812500e+01 -5.008671879768371582e-01
1.293523979187011719e+01 2.061095046997070312e+01 -5.853466391563415527e-01
1.508486557006835938e+01 2.090374374389648438e+01 -5.976982116699218750e-01
1.723605918884277344e+01 2.119680976867675781e+01 -6.055211424827575684e-01
1.938713264465332031e+01 2.148922920227050781e+01 -6.424283385276794434e-01
2.153708839416503906e+01 2.178179740905761719e+01 -6.383534669876098633e-01
2.368425369262695312e+01 2.207128524780273438e+01 -6.352968811988830566e-01
2.582697868347167969e+01 2.235429000854492188e+01 -6.364172697067260742e-01
2.796425628662109375e+01 2.262617492675781250e+01 -6.347325444221496582e-01
3.009619903564453125e+01 2.288262939453125000e+01 -5.892055630683898926e-01
3.222356796264648438e+01 2.312379455566406250e+01 -4.722967147827148438e-01
2.601360559463500977e+00 1.695751953125000000e+01 -2.955119609832763672e-01
4.718904495239257812e+00 1.727077484130859375e+01 -1.868233680725097656e-01
6.842460155487060547e+00 1.757991218566894531e+01 -2.328198850154876709e-01
8.968150138854980469e+00 1.788180541992187500e+01 -3.590371906757354736e-01
1.110019207000732422e+01 1.817869758605957031e+01 -4.607422351837158203e-01
1.323743629455566406e+01 1.847241401672363281e+01 -5.364545583724975586e-01
1.537877750396728516e+01 1.876516723632812500e+01 -5.526911020278930664e-01
1.752165031433105469e+01 1.905707931518554688e+01 -5.577394962310791016e-01
1.966414260864257812e+01 1.934690666198730469e+01 -6.122266054153442383e-01
2.180603408813476562e+01 1.963575553894042969e+01 -6.219150424003601074e-01
2.394548034667968750e+01 1.992088508605957031e+01 -6.085249781608581543e-01
2.608166122436523438e+01 2.019951629638671875e+01 -6.172618865966796875e-01
2.821440124511718750e+01 2.046918106079101562e+01 -6.320840716361999512e-01
3.034337806701660156e+01 2.072947502136230469e+01 -5.627307295799255371e-01
3.246357345581054688e+01 2.098384857177734375e+01 -3.720942437648773193e-01
2.915937423706054688e+00 1.483224582672119141e+01 -3.944768607616424561e-01
5.029636383056640625e+00 1.513540649414062500e+01 -2.112006247043609619e-01
7.152766704559326172e+00 1.544076251983642578e+01 -2.385538518428802490e-01
9.275445938110351562e+00 1.574198913574218750e+01 -3.649553060531616211e-01
1.140348911285400391e+01 1.603917503356933594e+01 -4.499387443065643311e-01
1.353574657440185547e+01 1.633358955383300781e+01 -4.905596375465393066e-01
1.567076206207275391e+01 1.662596130371093750e+01 -4.974760711193084717e-01
1.780719566345214844e+01 1.691653442382812500e+01 -5.080778002738952637e-01
1.994319152832031250e+01 1.720479393005371094e+01 -5.614188909530639648e-01
2.207859230041503906e+01 1.749084663391113281e+01 -5.938558578491210938e-01
2.421235656738281250e+01 1.777327728271484375e+01 -5.831496715545654297e-01
2.634378242492675781e+01 1.805017662048339844e+01 -5.788460373878479004e-01
2.847284889221191406e+01 1.832052612304687500e+01 -5.626825094223022461e-01
3.059845542907714844e+01 1.858536148071289062e+01 -4.701048135757446289e-01
3.271545791625976562e+01 1.884883117675781250e+01 -2.626447379589080811e-01
3.220007419586181641e+00 1.270468044281005859e+01 -4.479161202907562256e-01
5.333182334899902344e+00 1.300263595581054688e+01 -2.558187842369079590e-01
7.455560684204101562e+00 1.330462265014648438e+01 -2.719774246215820312e-01
9.578160285949707031e+00 1.360455608367919922e+01 -3.532453775405883789e-01
1.170160865783691406e+01 1.390084743499755859e+01 -4.699865877628326416e-01
1.382980632781982422e+01 1.419507408142089844e+01 -5.216606855392456055e-01
1.596037101745605469e+01 1.448638153076171875e+01 -5.111849904060363770e-01
1.809219360351562500e+01 1.477575206756591797e+01 -5.017777085304260254e-01
2.022397232055664062e+01 1.506338310241699219e+01 -5.319015383720397949e-01
2.235468292236328125e+01 1.534802150726318359e+01 -5.733840465545654297e-01
2.448435020446777344e+01 1.562887573242187500e+01 -5.845134854316711426e-01
2.661219406127929688e+01 1.590539169311523438e+01 -5.502346754074096680e-01
2.873797798156738281e+01 1.617779350280761719e+01 -4.926959574222564697e-01
3.085973167419433594e+01 1.644721794128417969e+01 -3.655203282833099365e-01
3.297356414794921875e+01 1.671638488769531250e+01 -1.409511268138885498e-01
3.512754201889038086e+00 1.057469081878662109e+01 -4.159198403358459473e-01
5.632310867309570312e+00 1.087295818328857422e+01 -3.300976753234863281e-01
7.753730773925781250e+00 1.117109012603759766e+01 -3.130159676074981689e-01
9.876526832580566406e+00 1.146943664550781250e+01 -3.282655477523803711e-01
1.199690341949462891e+01 1.176425457000732422e+01 -4.651408195495605469e-01
1.412028598785400391e+01 1.205818939208984375e+01 -5.829307436943054199e-01
1.624804306030273438e+01 1.235046195983886719e+01 -6.106061339378356934e-01
1.837653923034667969e+01 1.263904476165771484e+01 -6.033896207809448242e-01
2.050502586364746094e+01 1.292517757415771484e+01 -6.132280826568603516e-01
2.263314247131347656e+01 1.320829963684082031e+01 -6.250774860382080078e-01
2.476043701171875000e+01 1.348797416687011719e+01 -5.982887148857116699e-01
2.688652420043945312e+01 1.376474380493164062e+01 -5.502750873565673828e-01
2.901186943054199219e+01 1.403882980346679688e+01 -4.961855411529541016e-01
3.113296127319335938e+01 1.431132793426513672e+01 -3.559170067310333252e-01
3.324805450439453125e+01 1.458393764495849609e+01 -1.448066532611846924e-01
3.805532217025756836e+00 8.448337554931640625e+00 -2.900972366333007812e-01
5.926207542419433594e+00 8.743515968322753906e+00 -3.772508502006530762e-01
8.048259735107421875e+00 9.039705276489257812e+00 -3.499478995800018311e-01
1.017062473297119141e+01 9.336270332336425781e+00 -3.017831444740295410e-01
1.229256629943847656e+01 9.631682395935058594e+00 -3.895783126354217529e-01
1.441184139251708984e+01 9.923126220703125000e+00 -5.438179373741149902e-01
1.653552627563476562e+01 1.021451950073242188e+01 -6.404350996017456055e-01
1.866164970397949219e+01 1.050362300872802734e+01 -6.719292402267456055e-01
2.078790283203125000e+01 1.078873634338378906e+01 -6.587427854537963867e-01
2.291333580017089844e+01 1.107085227966308594e+01 -6.110261678695678711e-01
2.503834724426269531e+01 1.135056114196777344e+01 -5.625169873237609863e-01
2.716368675231933594e+01 1.162779140472412109e+01 -5.413566827774047852e-01
2.928901863098144531e+01 1.190323448181152344e+01 -4.997993111610412598e-01
3.140805816650390625e+01 1.217814350128173828e+01 -3.311923742294311523e-01
3.352065277099609375e+01 1.245313453674316406e+01 -9.862872958183288574e-02
4.106823921203613281e+00 6.328786849975585938e+00 -1.108560487627983093e-01
6.217885494232177734e+00 6.614185810089111328e+00 -3.462860286235809326e-01
8.340594291687011719e+00 6.910128593444824219e+00 -3.679495155811309814e-01
1.046246719360351562e+01 7.205128192901611328e+00 -3.086277842521667480e-01
1.258550643920898438e+01 7.500737190246582031e+00 -3.162409067153930664e-01
1.470611286163330078e+01 7.794641494750976562e+00 -4.241816699504852295e-01
1.682634735107421875e+01 8.084378242492675781e+00 -5.398635268211364746e-01
1.894819831848144531e+01 8.370913505554199219e+00 -6.144200563430786133e-01
2.107114028930664062e+01 8.655042648315429688e+00 -6.111288070678710938e-01
2.319371795654296875e+01 8.936919212341308594e+00 -5.461518764495849609e-01
2.531716156005859375e+01 9.216938018798828125e+00 -4.907773435115814209e-01
2.744079399108886719e+01 9.495514869689941406e+00 -4.602032303810119629e-01
2.956331443786621094e+01 9.772496223449707031e+00 -4.058217704296112061e-01
3.168326950073242188e+01 1.004736518859863281e+01 -2.807017564773559570e-01
3.380465316772460938e+01 1.032501888275146484e+01 -1.713845431804656982e-01
4.411494255065917969e+00 4.211942195892333984e+00 7.692391425371170044e-02
6.512877464294433594e+00 4.489230155944824219e+00 -2.367877066135406494e-01
8.631752014160156250e+00 4.782202243804931641e+00 -3.611347377300262451e-01
1.075324821472167969e+01 5.077602863311767578e+00 -3.837651610374450684e-01
1.287453174591064453e+01 5.371388435363769531e+00 -3.819765448570251465e-01
1.499508666992187500e+01 5.665161132812500000e+00 -4.377681910991668701e-01
1.711384773254394531e+01 5.954878330230712891e+00 -5.540180206298828125e-01
1.923295974731445312e+01 6.240563869476318359e+00 -6.750695109367370605e-01
2.135550117492675781e+01 6.525199413299560547e+00 -6.946696043014526367e-01
2.347785186767578125e+01 6.807359218597412109e+00 -6.349812746047973633e-01
2.560078430175781250e+01 7.087323188781738281e+00 -5.798443555831909180e-01
2.772412490844726562e+01 7.366723537445068359e+00 -5.450398921966552734e-01
2.984745216369628906e+01 7.646776199340820312e+00 -5.172863006591796875e-01
3.197060012817382812e+01 7.928357601165771484e+00 -4.749331176280975342e-01
3.409329986572265625e+01 8.211018562316894531e+00 -4.088156223297119141e-01
4.715379714965820312e+00 2.094709396362304688e+00 2.513475716114044189e-01
6.813512802124023438e+00 2.369811058044433594e+00 -8.472954481840133667e-02
8.925163269042968750e+00 2.657063007354736328e+00 -3.052747249603271484e-01
1.104307460784912109e+01 2.951039314270019531e+00 -4.383349418640136719e-01
1.316355609893798828e+01 3.246342420578002930e+00 -4.806915521621704102e-01
1.528246212005615234e+01 3.540315628051757812e+00 -5.019777417182922363e-01
1.739942741394042969e+01 3.828942060470581055e+00 -5.889893770217895508e-01
1.951698493957519531e+01 4.111331939697265625e+00 -7.203587293624877930e-01
2.163976097106933594e+01 4.397376060485839844e+00 -7.697016596794128418e-01
2.376272964477539062e+01 4.683033943176269531e+00 -7.555441856384277344e-01
2.588565826416015625e+01 4.964053153991699219e+00 -7.233180999755859375e-01
2.800889968872070312e+01 5.242078781127929688e+00 -6.594660282135009766e-01
3.013119888305664062e+01 5.520362854003906250e+00 -5.548412203788757324e-01
3.225129699707031250e+01 5.801915645599365234e+00 -4.122295975685119629e-01
3.436486434936523438e+01 6.093679904937744141e+00 -2.083059847354888916e-01
5.017997264862060547e+00 -2.237718179821968079e-02 4.084441065788269043e-01
7.117130756378173828e+00 2.538174688816070557e-01 7.767213135957717896e-02
9.226095199584960938e+00 5.389435291290283203e-01 -1.677073985338211060e-01
1.134158420562744141e+01 8.307427763938903809e-01 -3.180803954601287842e-01
1.346084403991699219e+01 1.128860473632812500e+00 -3.154836893081665039e-01
1.557741165161132812e+01 1.436627626419067383e+00 -2.189791649580001831e-01
1.769521141052246094e+01 1.745421409606933594e+00 -1.879008263349533081e-01
1.981002235412597656e+01 2.039645433425903320e+00 -2.498535662889480591e-01
2.192357444763183594e+01 2.318467617034912109e+00 -3.246257305145263672e-01
2.403914070129394531e+01 2.588276386260986328e+00 -3.913513720035552979e-01
2.615682029724121094e+01 2.859386920928955078e+00 -4.156844019889831543e-01
2.826992225646972656e+01 3.147292375564575195e+00 -2.832251787185668945e-01
3.037570571899414062e+01 3.448709964752197266e+00 -6.021818146109580994e-02
3.247725296020507812e+01 3.759950399398803711e+00 2.016662061214447021e-01
3.456583023071289062e+01 4.095723628997802734e+00 5.401560664176940918e-01
