3.315791254863142967e-03 1.059143733978271484e+01 0.000000000000000000e+00
2.223208993673324585e-01 1.053021907806396484e+01 0.000000000000000000e+00
4.366839230060577393e-01 1.048915576934814453e+01 0.000000000000000000e+00
6.491206288337707520e-01 1.045643901824951172e+01 0.000000000000000000e+00
8.607957959175109863e-01 1.042827415466308594e+01 0.000000000000000000e+00
1.072199344635009766e+00 1.040300178527832031e+01 0.000000000000000000e+00
1.283520102500915527e+00 1.037982082366943359e+01 0.000000000000000000e+00
1.494826674461364746e+00 1.035835075378417969e+01 0.000000000000000000e+00
1.706146955490112305e+00 1.033846378326416016e+01 0.000000000000000000e+00
1.917509555816650391e+00 1.032023525238037109e+01 0.000000000000000000e+00
2.128991842269897461e+00 1.030397415161132812e+01 0.000000000000000000e+00
2.340830564498901367e+00 1.029036140441894531e+01 0.000000000000000000e+00
2.553749799728393555e+00 1.028084182739257812e+01 0.000000000000000000e+00
2.770013093948364258e+00 1.027880382537841797e+01 0.000000000000000000e+00
2.996683597564697266e+00 1.029356861114501953e+01 0.000000000000000000e+00
-2.423585951328277588e-02 1.034866523742675781e+01 0.000000000000000000e+00
1.911407560110092163e-01 1.030980491638183594e+01 0.000000000000000000e+00
4.064477086067199707e-01 1.027449893951416016e+01 0.000000000000000000e+00
6.210013031959533691e-01 1.024330425262451172e+01 0.000000000000000000e+00
8.348330259323120117e-01 1.021545410156250000e+01 0.000000000000000000e+00
1.048152208328247070e+00 1.019014644622802734e+01 0.000000000000000000e+00
1.261166453361511230e+00 1.016683483123779297e+01 0.000000000000000000e+00
1.474049925804138184e+00 1.014521121978759766e+01 0.000000000000000000e+00
1.686960935592651367e+00 1.012515735626220703e+01 0.000000000000000000e+00
1.900075554847717285e+00 1.010673427581787109e+01 0.000000000000000000e+00
2.113635778427124023e+00 1.009020233154296875e+01 0.000000000000000000e+00
2.328012466430664062e+00 1.007610797882080078e+01 0.000000000000000000e+00
2.543750524520874023e+00 1.006538772583007812e+01 0.000000000000000000e+00
2.761319160461425781e+00 1.005917549133300781e+01 0.000000000000000000e+00
2.977924346923828125e+00 1.005390453338623047e+01 0.000000000000000000e+00
-4.782480746507644653e-02 1.011669254302978516e+01 0.000000000000000000e+00
1.666021645069122314e-01 1.008780097961425781e+01 0.000000000000000000e+00
3.815430998802185059e-01 1.005766582489013672e+01 0.000000000000000000e+00
5.964667201042175293e-01 1.002884483337402344e+01 0.000000000000000000e+00
8.111151456832885742e-01 1.000199413299560547e+01 0.000000000000000000e+00
1.025454998016357422e+00 9.977059364318847656e+00 0.000000000000000000e+00
1.239569067955017090e+00 9.953842163085937500e+00 0.000000000000000000e+00
1.453589200973510742e+00 9.932183265686035156e+00 0.000000000000000000e+00
1.667672038078308105e+00 9.912019729614257812e+00 0.000000000000000000e+00
1.881994962692260742e+00 9.893397331237792969e+00 0.000000000000000000e+00
2.096754074096679688e+00 9.876484870910644531e+00 0.000000000000000000e+00
2.312127828598022461e+00 9.861544609069824219e+00 0.000000000000000000e+00
2.528117895126342773e+00 9.848758697509765625e+00 0.000000000000000000e+00
2.744050979614257812e+00 9.837399482727050781e+00 0.000000000000000000e+00
2.958563804626464844e+00 9.824261665344238281e+00 0.000000000000000000e+00
-6.881692260503768921e-02 9.890425682067871094e+00 0.000000000000000000e+00
1.451645195484161377e-01 9.866359710693359375e+00 0.000000000000000000e+00
3.596292734146118164e-01 9.839962959289550781e+00 0.000000000000000000e+00
5.743780136108398438e-01 9.813453674316406250e+00 0.000000000000000000e+00
7.891877293586730957e-01 9.787880897521972656e+00 0.000000000000000000e+00
1.003942847251892090e+00 9.763597488403320312e+00 0.000000000000000000e+00
1.218631863594055176e+00 9.740672111511230469e+00 0.000000000000000000e+00
1.433310866355895996e+00 9.719094276428222656e+00 0.000000000000000000e+00
1.648072242736816406e+00 9.698855400085449219e+00 0.000000000000000000e+00
1.863018870353698730e+00 9.679984092712402344e+00 0.000000000000000000e+00
2.078228473663330078e+00 9.662530899047851562e+00 0.000000000000000000e+00
2.293684959411621094e+00 9.646491050720214844e+00 0.000000000000000000e+00
2.509151458740234375e+00 9.631575584411621094e+00 0.000000000000000000e+00
2.724081993103027344e+00 9.616759300231933594e+00 0.000000000000000000e+00
2.937958478927612305e+00 9.599882125854492188e+00 0.000000000000000000e+00
-8.856578916311264038e-02 9.667769432067871094e+00 0.000000000000000000e+00
1.251819282770156860e-01 9.646108627319335938e+00 0.000000000000000000e+00
3.392938077449798584e-01 9.622200965881347656e+00 0.000000000000000000e+00
5.537638068199157715e-01 9.597594261169433594e+00 0.000000000000000000e+00
7.684667110443115234e-01 9.573279380798339844e+00 0.000000000000000000e+00
9.832912087440490723e-01 9.549752235412597656e+00 0.000000000000000000e+00
1.198182106018066406e+00 9.527231216430664062e+00 0.000000000000000000e+00
1.413133859634399414e+00 9.505805015563964844e+00 0.000000000000000000e+00
1.628168582916259766e+00 9.485507011413574219e+00 0.000000000000000000e+00
1.843306660652160645e+00 9.466345787048339844e+00 0.000000000000000000e+00
2.058529376983642578e+00 9.448280334472656250e+00 0.000000000000000000e+00
2.273728609085083008e+00 9.431150436401367188e+00 0.000000000000000000e+00
2.488666296005249023e+00 9.414521217346191406e+00 0.000000000000000000e+00
2.703017473220825195e+00 9.397493362426757812e+00 0.000000000000000000e+00
2.916625022888183594e+00 9.378694534301757812e+00 0.000000000000000000e+00
-1.077637523412704468e-01 9.447542190551757812e+00 0.000000000000000000e+00
1.058576181530952454e-01 9.427090644836425781e+00 0.000000000000000000e+00
3.197367489337921143e-01 9.404780387878417969e+00 0.000000000000000000e+00
5.339529514312744141e-01 9.381614685058593750e+00 0.000000000000000000e+00
7.484598755836486816e-01 9.358390808105468750e+00 0.000000000000000000e+00
9.631772041320800781e-01 9.335597038269042969e+00 0.000000000000000000e+00
1.178038597106933594e+00 9.313508033752441406e+00 0.000000000000000000e+00
1.393001198768615723e+00 9.292262077331542969e+00 0.000000000000000000e+00
1.608035087585449219e+00 9.271915435791015625e+00 0.000000000000000000e+00
1.823102951049804688e+00 9.252461433410644531e+00 0.000000000000000000e+00
2.038133382797241211e+00 9.233813285827636719e+00 0.000000000000000000e+00
2.252999782562255859e+00 9.215752601623535156e+00 0.000000000000000000e+00
2.467520713806152344e+00 9.197857856750488281e+00 0.000000000000000000e+00
2.681524276733398438e+00 9.179434776306152344e+00 0.000000000000000000e+00
2.894994974136352539e+00 9.159620285034179688e+00 0.000000000000000000e+00
-1.267677098512649536e-01 9.229035377502441406e+00 0.000000000000000000e+00
8.678019046783447266e-02 9.209173202514648438e+00 0.000000000000000000e+00
3.005073666572570801e-01 9.187861442565917969e+00 0.000000000000000000e+00
5.145190954208374023e-01 9.165735244750976562e+00 0.000000000000000000e+00
7.288163900375366211e-01 9.143385887145996094e+00 0.000000000000000000e+00
9.433495402336120605e-01 9.121232986450195312e+00 0.000000000000000000e+00
1.158056497573852539e+00 9.099547386169433594e+00 0.000000000000000000e+00
1.372877955436706543e+00 9.078480720520019531e+00 0.000000000000000000e+00
1.587755441665649414e+00 9.058096885681152344e+00 0.000000000000000000e+00
1.802621364593505859e+00 9.038381576538085938e+00 0.000000000000000000e+00
2.017386674880981445e+00 9.019235610961914062e+00 0.000000000000000000e+00
2.231936454772949219e+00 9.000446319580078125e+00 0.000000000000000000e+00
2.446145772933959961e+00 8.981657028198242188e+00 0.000000000000000000e+00
2.659929990768432617e+00 8.962362289428710938e+00 0.000000000000000000e+00
2.873326539993286133e+00 8.942022323608398438e+00 0.000000000000000000e+00
-1.457703411579132080e-01 9.011797904968261719e+00 0.000000000000000000e+00
6.772920489311218262e-02 8.992190361022949219e+00 0.000000000000000000e+00
2.813533544540405273e-01 8.971486091613769531e+00 0.000000000000000000e+00
4.952051937580108643e-01 8.950080871582031250e+00 0.000000000000000000e+00
7.093087434768676758e-01 8.928395271301269531e+00 0.000000000000000000e+00
9.236363172531127930e-01 8.906764030456542969e+00 0.000000000000000000e+00
1.138135910034179688e+00 8.885423660278320312e+00 0.000000000000000000e+00
1.352745413780212402e+00 8.864517211914062500e+00 0.000000000000000000e+00
1.567396640777587891e+00 8.844107627868652344e+00 0.000000000000000000e+00
1.782012820243835449e+00 8.824179649353027344e+00 0.000000000000000000e+00
1.996506571769714355e+00 8.804641723632812500e+00 0.000000000000000000e+00
2.210783720016479492e+00 8.785311698913574219e+00 0.000000000000000000e+00
2.424761772155761719e+00 8.765910148620605469e+00 0.000000000000000000e+00
2.638402938842773438e+00 8.746082305908203125e+00 0.000000000000000000e+00
2.851758718490600586e+00 8.725491523742675781e+00 0.000000000000000000e+00
-1.648770272731781006e-01 8.795527458190917969e+00 0.000000000000000000e+00
4.858625680208206177e-02 8.775987625122070312e+00 0.000000000000000000e+00
2.621367275714874268e-01 8.755635261535644531e+00 0.000000000000000000e+00
4.758641123771667480e-01 8.734713554382324219e+00 0.000000000000000000e+00
6.897999048233032227e-01 8.713511466979980469e+00 0.000000000000000000e+00
9.039303064346313477e-01 8.692282676696777344e+00 0.000000000000000000e+00
1.118213891983032227e+00 8.671219825744628906e+00 0.000000000000000000e+00
1.332593798637390137e+00 8.650446891784667969e+00 0.000000000000000000e+00
1.547003746032714844e+00 8.630022048950195312e+00 0.000000000000000000e+00
1.761370778083801270e+00 8.609932899475097656e+00 0.000000000000000000e+00
1.975617766380310059e+00 8.590104103088378906e+00 0.000000000000000000e+00
2.189671516418457031e+00 8.570389747619628906e+00 0.000000000000000000e+00
2.403477907180786133e+00 8.550583839416503906e+00 0.000000000000000000e+00
2.617022991180419922e+00 8.530440330505371094e+00 0.000000000000000000e+00
2.830357789993286133e+00 8.509754180908203125e+00 0.000000000000000000e+00
-1.841425001621246338e-01 8.580012321472167969e+00 0.000000000000000000e+00
2.929105237126350403e-02 8.560437202453613281e+00 0.000000000000000000e+00
2.427865564823150635e-01 8.540272712707519531e+00 0.000000000000000000e+00
4.564172327518463135e-01 8.519660949707031250e+00 0.000000000000000000e+00
6.702136993408203125e-01 8.498796463012695312e+00 0.000000000000000000e+00
8.841698765754699707e-01 8.477863311767578125e+00 0.000000000000000000e+00
1.098253965377807617e+00 8.457012176513671875e+00 0.000000000000000000e+00
1.312417626380920410e+00 8.436346054077148438e+00 0.000000000000000000e+00
1.526602864265441895e+00 8.415913581848144531e+00 0.000000000000000000e+00
1.740746259689331055e+00 8.395709991455078125e+00 0.000000000000000000e+00
1.954784274101257324e+00 8.375675201416015625e+00 0.000000000000000000e+00
2.168661117553710938e+00 8.355700492858886719e+00 0.000000000000000000e+00
2.382340908050537109e+00 8.335636138916015625e+00 0.000000000000000000e+00
2.595821380615234375e+00 8.315318107604980469e+00 0.000000000000000000e+00
2.809146404266357422e+00 8.294623374938964844e+00 0.000000000000000000e+00
-2.035899013280868530e-01 8.365095138549804688e+00 0.000000000000000000e+00
9.818322025239467621e-03 8.345432281494140625e+00 0.000000000000000000e+00
2.232719659805297852e-01 8.325353622436523438e+00 0.000000000000000000e+00
4.368279874324798584e-01 8.304934501647949219e+00 0.000000000000000000e+00
6.505123376846313477e-01 8.284295082092285156e+00 0.000000000000000000e+00
8.643229007720947266e-01 8.263567924499511719e+00 0.000000000000000000e+00
1.078235983848571777e+00 8.242869377136230469e+00 0.000000000000000000e+00
1.292213082313537598e+00 8.222282409667968750e+00 0.000000000000000000e+00
1.506206154823303223e+00 8.201848983764648438e+00 0.000000000000000000e+00
1.720163345336914062e+00 8.181569099426269531e+00 0.000000000000000000e+00
1.934033751487731934e+00 8.161396980285644531e+00 0.000000000000000000e+00
2.147775411605834961e+00 8.141253471374511719e+00 0.000000000000000000e+00
2.361363887786865234e+00 8.121032714843750000e+00 0.000000000000000000e+00
2.574801206588745117e+00 8.100627899169921875e+00 0.000000000000000000e+00
2.788123369216918945e+00 8.079971313476562500e+00 0.000000000000000000e+00
-2.232210040092468262e-01 8.150658607482910156e+00 0.000000000000000000e+00
-9.834479540586471558e-03 8.130891799926757812e+00 0.000000000000000000e+00
2.035866826772689819e-01 8.110840797424316406e+00 0.000000000000000000e+00
4.170846641063690186e-01 8.090530395507812500e+00 0.000000000000000000e+00
6.306801438331604004e-01 8.070034027099609375e+00 0.000000000000000000e+00
8.443737030029296875e-01 8.049442291259765625e+00 0.000000000000000000e+00
1.058148860931396484e+00 8.028846740722656250e+00 0.000000000000000000e+00
1.271975994110107422e+00 8.008314132690429688e+00 0.000000000000000000e+00
1.485816955566406250e+00 7.987883567810058594e+00 0.000000000000000000e+00
1.699629545211791992e+00 7.967555999755859375e+00 0.000000000000000000e+00
1.913373470306396484e+00 7.947298526763916016e+00 0.000000000000000000e+00
2.127016544342041016e+00 7.927052497863769531e+00 0.000000000000000000e+00
2.340541362762451172e+00 7.906744480133056641e+00 0.000000000000000000e+00
2.553951501846313477e+00 7.886306762695312500e+00 0.000000000000000000e+00
2.767274379730224609e+00 7.865707874298095703e+00 0.000000000000000000e+00
-2.430198043584823608e-01 7.936609268188476562e+00 0.000000000000000000e+00
-2.965211123228073120e-02 7.916748046875000000e+00 0.000000000000000000e+00
1.837408244609832764e-01 7.896698474884033203e+00 0.000000000000000000e+00
3.971891701221466064e-01 7.876446723937988281e+00 0.000000000000000000e+00
6.107116341590881348e-01 7.856030941009521484e+00 0.000000000000000000e+00
8.243130445480346680e-01 7.835520267486572266e+00 0.000000000000000000e+00
1.037983775138854980e+00 7.814986705780029297e+00 0.000000000000000000e+00
1.251701235771179199e+00 7.794488906860351562e+00 0.000000000000000000e+00
1.465433597564697266e+00 7.774061679840087891e+00 0.000000000000000000e+00
1.679145336151123047e+00 7.753708362579345703e+00 0.000000000000000000e+00
1.892802476882934570e+00 7.733403682708740234e+00 0.000000000000000000e+00
2.106378793716430664e+00 7.713102340698242188e+00 0.000000000000000000e+00
2.319861173629760742e+00 7.692751407623291016e+00 0.000000000000000000e+00
2.533253669738769531e+00 7.672309875488281250e+00 0.000000000000000000e+00
2.746579170227050781e+00 7.651772022247314453e+00 0.000000000000000000e+00
-2.629488110542297363e-01 7.722870349884033203e+00 0.000000000000000000e+00
-4.959956184029579163e-02 7.702950954437255859e+00 0.000000000000000000e+00
1.637568324804306030e-01 7.682898521423339844e+00 0.000000000000000000e+00
3.771477043628692627e-01 7.662673950195312500e+00 0.000000000000000000e+00
5.906000733375549316e-01 7.642298221588134766e+00 0.000000000000000000e+00
8.041280508041381836e-01 7.621827125549316406e+00 0.000000000000000000e+00
1.017728209495544434e+00 7.601324558258056641e+00 0.000000000000000000e+00
1.231380701065063477e+00 7.580844879150390625e+00 0.000000000000000000e+00
1.445054054260253906e+00 7.560420513153076172e+00 0.000000000000000000e+00
1.658711791038513184e+00 7.540056228637695312e+00 0.000000000000000000e+00
1.872320175170898438e+00 7.519730567932128906e+00 0.000000000000000000e+00
2.085855245590209961e+00 7.499404907226562500e+00 0.000000000000000000e+00
2.299308061599731445e+00 7.479038238525390625e+00 0.000000000000000000e+00
2.512686491012573242e+00 7.458605289459228516e+00 0.000000000000000000e+00
2.726013422012329102e+00 7.438119888305664062e+00 0.000000000000000000e+00
-2.829353213310241699e-01 7.509378910064697266e+00 0.000000000000000000e+00
-6.961622089147567749e-02 7.489456176757812500e+00 0.000000000000000000e+00
1.436619311571121216e-01 7.469407081604003906e+00 0.000000000000000000e+00
3.569588065147399902e-01 7.449193954467773438e+00 0.000000000000000000e+00
5.703271031379699707e-01 7.428833484649658203e+00 0.000000000000000000e+00
7.837957739830017090e-01 7.408376216888427734e+00 0.000000000000000000e+00
9.973646998405456543e-01 7.387884616851806641e+00 0.000000000000000000e+00
1.211007952690124512e+00 7.367410659790039062e+00 0.000000000000000000e+00
1.424682140350341797e+00 7.346987247467041016e+00 0.000000000000000000e+00
1.638338327407836914e+00 7.326619625091552734e+00 0.000000000000000000e+00
1.851933598518371582e+00 7.306288242340087891e+00 0.000000000000000000e+00
2.065442323684692383e+00 7.285957336425781250e+00 0.000000000000000000e+00
2.278862476348876953e+00 7.265588283538818359e+00 0.000000000000000000e+00
2.492217063903808594e+00 7.245163440704345703e+00 0.000000000000000000e+00
2.705541849136352539e+00 7.224714756011962891e+00 0.000000000000000000e+00
